7 214
2 13
418 66
617 418
281 379
581 725
725 194
832 242
48 353
593 573
45 93
448 601
819 335
11 352
185 358
746 329
12 106
582 332
0 866
396 764
582 599
734 214
721 584
354 96
436 84
291 222
291 876
817 380
222 8
581 277
823 558
559 823
601 549
340 21
407 21
593 336
622 386
371 820
25 732
670 363
9 597
247 866
2 817
549 43
161 284
806 11
464 334
4 338
346 348
229 698
797 298
356 203
348 262
289 61
279 585
640 453
30 341
586 306
4 25
14 739
343 438
88 600
342 419
282 51
185 588
686 320
653 551
802 293
860 57
566 377
591 349
703 33
609 98
220 293
287 286
553 429
344 692
867 741
367 741
378 344
24 610
891 830
347 32
660 118
347 3
3 38
607 739
37 693
590 95
359 6
341 589
29 717
591 370
5 39
10 685
41 215
352 8
782 516
374 606
750 48
630 47
876 333
333 440
345 821
354 691
9 691
231 729
598 597
694 43
26 355
603 595
340 687
670 39
554 281
554 678
119 896
103 191
184 701
51 732
300 595
203 715
356 202
689 42
357 42
790 22
745 824
201 360
118 612
355 360
201 202
19 279
517 361
361 473
735 15
603 588
559 282
12 217
209 425
832 731
214 134
362 241
741 298
690 523
362 739
590 235
22 745
868 523
736 289
380 40
88 277
231 635
0 688
366 744
440 266
448 337
96 337
820 694
684 688
20 114
598 13
618 149
106 371
18 17
625 684
17 372
438 372
586 368
807 882
421 414
812 720
679 36
407 339
324 23
612 78
339 280
738 53
241 797
24 830
610 375
674 815
114 737
589 439
351 869
376 312
61 38
35 855
350 606
27 374
95 416
810 85
127 804
127 493
16 349
28 607
28 376
14 822
343 600
235 37
824 868
31 26
790 31
359 32
33 78
740 53
101 474
100 377
369 738
324 335
506 369
34 506
34 221
370 869
29 373
23 692
687 368
690 439
378 204
262 363
284 379
332 735
212 228
431 230
20 38
25 736
394 747
350 373
422 700
829 882
254 750
748 856
84 829
71 750
97 619
87 809
858 323
383 46
383 613
757 767
385 403
747 636
726 613
422 628
381 406
82 92
444 877
404 761
398 386
275 276
275 856
574 400
569 833
575 811
624 384
47 50
75 387
883 226
757 801
290 393
52 451
77 435
845 848
742 12
47 881
54 865
180 301
180 427
73 74
391 317
391 427
457 392
721 564
828 236
59 722
811 76
46 71
52 575
891 867
426 425
624 426
89 67
398 353
126 729
630 69
89 403
508 256
462 611
616 63
803 758
49 826
395 401
54 410
556 445
55 808
55 809
58 59
10 365
711 322
711 182
442 749
402 833
402 683
384 545
640 450
382 619
626 65
756 410
400 447
584 134
87 240
557 240
401 58
695 696
557 406
826 757
752 208
208 837
278 862
883 751
752 60
553 633
417 415
675 429
198 224
445 547
643 515
846 860
752 827
555 405
758 232
569 457
70 419
27 608
299 803
389 232
408 638
408 683
675 861
433 409
756 409
754 103
754 852
836 94
414 816
64 836
879 848
411 62
417 62
413 412
825 389
149 526
696 621
556 225
65 412
64 530
77 831
626 433
76 638
451 399
70 858
390 387
390 858
420 93
66 550
537 292
573 292
685 564
631 297
91 297
176 260
176 83
68 91
83 68
631 423
763 629
428 632
834 560
50 614
432 129
152 155
364 57
210 283
313 827
198 846
394 829
432 73
652 476
861 430
129 834
846 72
74 699
415 234
497 258
230 320
126 550
635 634
782 278
609 703
583 700
388 699
637 437
299 798
442 810
807 97
760 310
759 835
879 302
718 839
760 86
283 547
140 444
816 579
759 302
420 443
140 443
175 648
616 218
218 681
294 441
761 837
430 446
388 446
100 220
45 82
92 276
594 566
366 15
744 733
847 881
447 859
693 719
81 583
702 639
452 453
795 755
450 461
197 518
865 318
159 852
238 200
296 850
702 701
396 104
397 107
604 251
200 251
121 776
268 472
466 274
456 765
102 454
397 454
238 639
850 772
772 103
113 261
795 724
455 724
316 576
449 888
839 888
267 650
260 763
743 892
69 392
102 458
131 130
466 458
578 893
524 199
153 572
496 109
615 753
871 465
507 463
261 730
128 592
107 459
197 296
842 552
513 504
605 312
587 605
163 132
718 263
474 493
475 113
139 844
498 653
467 770
800 250
794 315
642 704
469 245
295 682
544 682
273 647
870 771
644 647
642 544
565 677
110 730
769 770
144 769
794 268
109 766
713 472
470 645
207 540
546 207
145 470
136 655
136 664
112 195
579 530
111 473
484 170
838 331
112 111
541 611
627 105
677 551
431 674
627 137
304 596
518 461
766 489
650 543
568 563
791 495
776 117
776 181
181 840
648 468
568 476
643 543
477 563
742 878
7 215
773 775
187 705
484 325
477 478
658 492
480 479
898 479
187 791
244 133
777 898
478 116
519 562
121 773
117 480
309 840
162 211
79 727
186 651
120 777
481 651
481 158
273 540
124 141
186 483
673 253
774 503
774 793
309 477
673 487
487 522
182 535
135 664
330 799
135 505
170 503
325 538
295 489
120 170
164 158
177 654
163 875
656 492
244 469
778 552
656 486
486 510
720 570
894 509
311 219
490 245
505 485
142 485
507 475
658 133
162 132
233 178
490 659
873 243
783 899
496 565
641 497
708 500
173 172
623 539
499 539
175 99
851 246
853 188
500 649
708 122
641 122
649 571
171 897
502 709
67 63
644 645
652 706
498 706
416 270
709 570
707 534
534 177
311 190
894 818
399 615
863 288
596 804
532 531
532 533
130 531
219 841
491 890
153 862
257 508
805 788
156 160
308 805
256 308
844 781
171 785
812 875
196 662
622 342
886 873
849 781
880 780
788 799
872 875
143 592
169 841
873 248
128 216
150 514
618 580
494 146
494 813
5 719
661 516
166 710
248 285
278 884
233 243
148 147
783 796
155 784
174 577
663 169
264 895
165 482
689 715
608 855
234 421
264 580
782 272
734 436
778 779
542 671
75 614
863 779
890 330
99 704
885 329
520 151
514 728
381 395
880 895
786 511
160 887
666 567
783 787
216 150
271 511
154 252
667 567
666 665
151 665
854 305
662 668
280 679
178 199
434 364
299 767
529 668
529 710
49 85
780 796
524 789
528 167
167 168
528 166
483 705
663 533
707 842
30 230
173 174
519 522
467 315
172 501
785 843
437 628
667 265
308 255
206 465
548 669
125 669
789 875
889 468
460 657
269 263
152 814
542 814
104 184
212 213
488 538
571 259
259 623
189 188
714 499
189 714
853 123
250 463
213 296
504 190
258 768
509 257
288 249
147 521
899 521
697 322
195 471
525 672
525 671
116 495
56 79
224 393
210 621
574 301
179 793
548 179
179 211
306 19
637 424
253 488
44 254
629 424
239 870
527 792
144 527
223 72
713 546
512 562
502 510
723 576
227 716
274 871
864 835
145 517
314 228
555 698
60 405
561 572
252 561
452 101
315 892
115 239
808 801
558 537
727 441
634 80
680 294
56 560
859 847
196 285
305 307
541 307
587 351
686 755
229 722
44 382
193 676
768 771
139 460
599 365
236 237
879 828
90 625
327 580
109 870
247 18
265 154
290 798
168 482
520 156
580 786
845 310
317 318
193 838
746 331
146 272
716 723
695 749
898 131
449 646
338 602
585 602
157 887
159 192
849 143
462 800
267 775
604 646
98 802
108 854
513 326
357 300
303 697
105 304
316 456
336 878
164 124
815 314
223 632
491 872
806 464
375 204
16 717
161 821
90 15
594 455
740 819
287 36
313 434
221 857
1 857
726 748
225 205
617 681
423 620
413 411
428 633
385 435
636 81
825 54
762 733
191 764
678 41
110 578
125 654
192 792
40 321
515 843
897 577
148 784
328 327
655 512
345 266
753 545
183 672
813 787
194 242
328 271
255 657
303 712
206 227
6 346
226 864
115 743
851 137
138 818
661 728
536 712
501 319
824 822
323 831
237 404
264 526
896 874
217 762
367 737
159 893
886 884
535 889
119 885
264 874
326 249
765 192
