6.950001023492545504e-02 9.300024101958789813e-02 1.739998724276726194e-01
9.562822387933302137e-02 1.093808598243575930e-01 2.486003687549051822e-01
7.251025732693537618e-02 1.325120117454173796e-01 1.805102929556756941e-01
6.758142863632306263e-02 1.149849920699209799e-01 2.166436606271475718e-01
7.473674814512827613e-02 1.147367439260307820e-01 2.086771029322581905e-01
5.522268165792304506e-02 1.175000038337248587e-01 2.273332716651153551e-01
6.234806428887808977e-02 1.167556813712335717e-01 2.203548399716899475e-01
7.262460064690340333e-02 1.046920290153853794e-01 1.536332344975767650e-01
6.950360372254563157e-02 1.250239649014189547e-01 1.634988396951206069e-01
7.249081678505718551e-02 1.260474855888362444e-01 1.804610456066390589e-01
7.360564130563274077e-02 1.006075207463230370e-01 1.639023365237910757e-01
6.944969366329330207e-02 1.273597067648406522e-01 1.650958839773569164e-01
7.251410337594614564e-02 1.063555823984516785e-01 1.837526123934502265e-01
7.250000789834985804e-02 1.310978452141143002e-01 1.805000099181705564e-01
6.825906015080307476e-02 1.184489701447513366e-01 2.401580432022476230e-01
7.292478355348251673e-02 1.014172795578963393e-01 1.745492010995323418e-01
5.507053758567138219e-02 1.326678846948895485e-01 2.388094834291808466e-01
6.698754164716938519e-02 8.808851862622395223e-02 1.734991470887531362e-01
6.751042071677731959e-02 8.902192590380769710e-02 1.735000041490455946e-01
7.949283453637925878e-02 1.204866018655470911e-01 2.114925280455573209e-01
7.150840610064694569e-02 1.153078780896300837e-01 2.195699647647174346e-01
8.561426872593055903e-02 1.296858587337780255e-01 2.164676051336873464e-01
6.852664042552455981e-02 1.129640222016184692e-01 2.455020027708082475e-01
8.573340569229589980e-02 1.136404312723638815e-01 2.346508478846228707e-01
7.919819079514463234e-02 1.155314218482083183e-01 2.294949290357207738e-01
7.368044360568287710e-02 1.136800590439450143e-01 2.084753399414279451e-01
6.928803155300369832e-02 1.091879365788044343e-01 2.466172158756808896e-01
4.883852005987914663e-02 1.421946988418674451e-01 2.394859448679466929e-01
6.516623202396040759e-02 1.218078839442969658e-01 2.380004326788158486e-01
5.287779767183305862e-02 1.351343056599661474e-01 2.394920293990057680e-01
6.642643273643057678e-02 1.204896725052569256e-01 2.530383407092011705e-01
6.856606598839290467e-02 1.126025065477695986e-01 2.455676136329876802e-01
6.542927267091304400e-02 1.155348390033668349e-01 2.181345759593343592e-01
7.051759100917399936e-02 1.471665459874519355e-01 2.595279535939475357e-01
9.370623911972451869e-02 1.103104267510652131e-01 2.457336721273154501e-01
4.776566141490879575e-02 1.437140398907578720e-01 2.395113197236229952e-01
8.970345537844226502e-02 1.365708547405025119e-01 2.204677686825580740e-01
5.179179985709611578e-02 1.175000089300601847e-01 2.312081998570958696e-01
7.125993232586264048e-02 1.145064980855291237e-01 2.165000240054687775e-01
5.680369338710478805e-02 1.175518474733468904e-01 2.254533909172563300e-01
7.249920212944795106e-02 1.380348195751056606e-01 1.814992079178065487e-01
7.245292812722693709e-02 1.056339007646088096e-01 1.540242121548563714e-01
6.950000182188992293e-02 9.809212148691530408e-02 2.504941848000550308e-01
7.254939230129553440e-02 1.156057504767505351e-01 1.815412470344118234e-01
7.198716358474926968e-02 9.633799555755732935e-02 1.376965642758013475e-01
5.270142129490727745e-02 9.916803768179839607e-02 1.429231151019780266e-01
6.551698167243810711e-02 9.651322889344225719e-02 1.349946111843782492e-01
6.702527706148199427e-02 9.349983921791515940e-02 1.109270210869174600e-01
7.085617131297383686e-02 9.630825354995727061e-02 1.329190268726859470e-01
5.596859549884719565e-02 9.082902554515047411e-02 8.449897924792430792e-02
6.799263129940508188e-02 9.341549905631171824e-02 1.105146329341685218e-01
7.250004450456137839e-02 1.114355509757803953e-01 2.057654490242199485e-01
5.025119517728283275e-02 9.728028870035866638e-02 1.204296689934810649e-01
9.030520406257502852e-02 1.117211785849549360e-01 2.403876627103194163e-01
6.735194428798656208e-02 9.042411861892103719e-02 9.068994934245305783e-02
5.600030152188240073e-02 8.985280025595000775e-02 7.924303613787372913e-02
8.122933290350176083e-02 1.039792524888965286e-01 8.424823716995853695e-02
6.336813102298086142e-02 8.936549208217819951e-02 6.547623807754231195e-02
5.599933601569100083e-02 9.050000191120213811e-02 6.831709645491733374e-02
5.600002799963682554e-02 9.050000152260240238e-02 6.731332996851203954e-02
5.850583918128755834e-02 8.994770916995278864e-02 5.674393882202367206e-02
7.120644256808747463e-02 1.144576740063917436e-01 2.161156464364648033e-01
8.241417097025324767e-02 8.351800176706199175e-02 9.370903615393398611e-02
8.646491479900560162e-02 9.963593762647043883e-02 1.203439015723418992e-01
9.433236143322902556e-02 8.150880739456524415e-02 1.014521068640699686e-01
7.618918317262991791e-02 8.629125728556839847e-02 9.138245882889138583e-02
9.482545933124025828e-02 1.024925381818187348e-01 1.224623237491449801e-01
8.490655612306781397e-02 9.931265879365040739e-02 1.196288529773658627e-01
7.859166893253548281e-02 7.460660877961793058e-02 1.658578453256918661e-01
6.328977428610355060e-02 9.449177861212569585e-02 1.120242328046150426e-01
7.050583901663776132e-02 9.450310382277581078e-02 1.215153147378975895e-01
6.801940638404081751e-02 9.650055427909647043e-02 1.339795494139791876e-01
6.689872722088267831e-02 9.246621522168935181e-02 6.948318084082549806e-02
7.850121825261560660e-02 1.025002362716134624e-01 8.051296203575071531e-02
7.690317582807784658e-02 1.015451513789511206e-01 7.871312864529594888e-02
6.938728377145148007e-02 9.365315727994129313e-02 1.148601773967570377e-01
5.327738108613537527e-02 9.625069165847459363e-02 1.181484325383041351e-01
7.899585946437949480e-02 9.699849165345575397e-02 1.194803358612383237e-01
7.093178599079694169e-02 1.500349001664526560e-01 2.605016939709168255e-01
8.243585152724480780e-02 1.047015082327566043e-01 8.621353344292544130e-02
1.028600068759636249e-01 1.044975424805396208e-01 1.264594876667675671e-01
7.550529342017657519e-02 9.073642124468876691e-02 1.506721494765555225e-01
5.287332413172291662e-02 9.897671528809723340e-02 1.426445867906244447e-01
7.857643072457040634e-02 7.518838706943045680e-02 1.652615144256780189e-01
7.339139663650019740e-02 9.891452127066376054e-02 1.515456296514516299e-01
5.316619984998635640e-02 9.186507554168893419e-02 8.644504634877096805e-02
7.533188634033925746e-02 8.180118993329463239e-02 4.701624236673408730e-02
5.550543479955320769e-02 9.001373130496230501e-02 7.523762698013924943e-02
6.233424376486352420e-02 8.098612628198005592e-02 1.724835925905956469e-01
8.247404633410783392e-02 9.825916894712283245e-02 1.195566520501345764e-01
7.149557665341062240e-02 9.767119499823323503e-02 1.744464716901023837e-01
7.860515085538342939e-02 7.421299123599825465e-02 1.664137939356183926e-01
5.325826771125372061e-02 9.871767074966993072e-02 1.423460041327419545e-01
5.044794230948584923e-02 9.962458143427714574e-02 1.452840525087519263e-01
9.483529971027902794e-02 8.146935714879180446e-02 1.019844157390298739e-01
4.886416698388824920e-02 1.174594431749970969e-01 2.343017851106286298e-01
7.250000728906473568e-02 1.224184508306652847e-01 1.805000069063833756e-01
7.249983790275377205e-02 9.698272608115175719e-02 1.414751423708540401e-01
6.976744996230191398e-02 1.438781156278963747e-01 2.584600363546180612e-01
6.851671366503128691e-02 1.155673637870617693e-01 3.136163292684082116e-01
6.870007363994200256e-02 1.372946546748988472e-01 2.565602078381131745e-01
4.831308910584843075e-02 1.205936229054996589e-01 2.734812096325557884e-01
6.960380678356974105e-02 1.072164286975926251e-01 2.993122189405260647e-01
6.445115476921191300e-02 1.235157736149874036e-01 2.771098938425070601e-01
6.990668550682518911e-02 1.254193642520427809e-01 2.795436464549745370e-01
3.888136282268264687e-02 1.221537824513908022e-01 2.771537351533869264e-01
7.254481137558156656e-02 1.108506437740849199e-01 1.825238146991441102e-01
7.138084211310251337e-02 1.035717406509170102e-01 3.034847737187290617e-01
3.363966219367314076e-02 1.264311297736828432e-01 2.874686326988721286e-01
6.139625711831518673e-02 1.238639340531828836e-01 3.050210134510055182e-01
5.309920029960757404e-02 1.242101494167240638e-01 2.825097272009354232e-01
4.759384586405372014e-02 1.453038332951079314e-01 3.004960987738122813e-01
4.649658960339443647e-02 1.470089772839520692e-01 3.010050061198179527e-01
4.895979093214723743e-02 1.244325451024991258e-01 2.835552170193147981e-01
7.150891283445286184e-02 1.154995025073048409e-01 2.206615447223199966e-01
6.100029290240908952e-02 1.235000083814555560e-01 3.006460000000000243e-01
5.999989946852841288e-02 1.175000785822502558e-01 3.269998671346150965e-01
5.650372641412807623e-02 1.250006878515453612e-01 3.324307325785533229e-01
7.149340899364065027e-02 1.527133888407421203e-01 2.614811667513383120e-01
3.982764962093489347e-02 1.345351698986356759e-01 3.884404660939747012e-01
5.404100700137400015e-02 1.253705540062210744e-01 3.428389249349999002e-01
5.891857845973053759e-02 1.278193449446562990e-01 3.284086625592821385e-01
6.370411427970763818e-02 1.311394559147686101e-01 3.064121487328237969e-01
6.366154711275164024e-02 1.405576615353763825e-01 3.215959301778127943e-01
5.857599539846469056e-02 1.014541984442008105e-01 3.375335183687082630e-01
4.650185095267360402e-02 1.265106288344755858e-01 3.450004119614991094e-01
9.704445485550693140e-02 1.030938039910371112e-01 1.234565572469611960e-01
4.552900934589777793e-02 1.207653812876699206e-01 2.745790734515854981e-01
4.552955387615810479e-02 1.132026610124996363e-01 3.704994542921598022e-01
7.864098408218783698e-02 1.025305096310100972e-01 8.067788970987825603e-02
5.000060542786810558e-02 1.239997202277040300e-01 3.350003043613776765e-01
5.339276940548706024e-02 1.245391635536266250e-01 3.356620868042485273e-01
5.033373360850910971e-02 1.254254134636437479e-01 3.539993750483217405e-01
3.271757519461339359e-02 1.274824195247405423e-01 3.565058460801934781e-01
7.351047549447070617e-02 9.949775407696555274e-02 1.572834153356033049e-01
6.912843762876554055e-02 1.275277417153018455e-01 3.613624784025481484e-01
6.722845098878209302e-02 1.274197326386821705e-01 3.581816290459345353e-01
3.742408823841079230e-02 1.224356196287329918e-01 2.775127688134272352e-01
5.455792242466982189e-02 1.066997502033472239e-01 3.672665771686018377e-01
4.552004921119783692e-02 1.081331452237856428e-01 3.624768889221764989e-01
4.751488697341981621e-02 1.005499589625585416e-01 1.490904497399475892e-01
5.855086939321463291e-02 1.011271685728807740e-01 3.376722068051858927e-01
6.953654481989894609e-02 1.275843505429993252e-01 3.622314883331242963e-01
4.556489899472646043e-02 1.082815532177460738e-01 3.677169108306130862e-01
6.150088208348589852e-02 1.236895779138535989e-01 2.925395276772851383e-01
5.058146531186399203e-02 1.403182177086516602e-01 2.994857243627046528e-01
4.300378533258912561e-02 1.258500035961886976e-01 3.751669987075541557e-01
3.836592326618788046e-02 1.236129330849986829e-01 3.810087680979140079e-01
3.510671543777194037e-02 1.226880099786638034e-01 3.826019991249835495e-01
4.615654802055547262e-02 1.355509359458313690e-01 3.816368239932938500e-01
4.564050993548790514e-02 1.154079201499668833e-01 3.715898273317009282e-01
3.261721677822569665e-02 1.173745689489075206e-01 3.679991295200816248e-01
3.131436912601392314e-02 1.215985320999286440e-01 3.837974468667293415e-01
4.209628670000839512e-02 1.240967542088852599e-01 3.680154321923976291e-01
3.700008613439356719e-02 1.210001122977859139e-01 3.689998182149133998e-01
3.276824679855063621e-02 1.223177269212823021e-01 3.833772874002387421e-01
2.850682108918579580e-02 1.140214281258494361e-01 3.669998739164888613e-01
2.651489766531705747e-02 1.122902971571936165e-01 3.657379455373374610e-01
5.859793983298095671e-02 1.038224622573761802e-01 3.360305853840829804e-01
6.128521026448780634e-02 1.234982696817324838e-01 2.821096860512028459e-01
2.846704386328287664e-02 1.139084836002633438e-01 3.669932804783989644e-01
7.055318184142264637e-02 1.138725962149699372e-01 1.575366593048797281e-01
5.099954584414327641e-02 1.259992353592915559e-01 3.509987765493324252e-01
4.870982838847724011e-02 1.263204461616232177e-01 3.560640780941517480e-01
5.855122875315295350e-02 1.033324198679784062e-01 3.363997392111245377e-01
5.782868967736762983e-02 1.264013885478728338e-01 3.814911319468576312e-01
5.400941190413897225e-02 1.283674955457738132e-01 3.743913352131665317e-01
5.547752301738205494e-02 1.275369583359098336e-01 3.773723701316278323e-01
5.700023453142046698e-02 1.269914783449061779e-01 3.795068199219304161e-01
4.285898113631097378e-02 1.224757250339205267e-01 3.361176543984832898e-01
5.452681609111504485e-02 1.256783696209256007e-01 3.436940380442585763e-01
6.255961297763563966e-02 1.401588191678672657e-01 3.345163951120688206e-01
6.608456830758467626e-02 1.471166579289492904e-01 3.385350523963755465e-01
6.545368089884802398e-02 1.457947963644271316e-01 3.378690350032224621e-01
6.430284301856406537e-02 1.431411119408588228e-01 3.366532989870609782e-01
6.916014155264471608e-02 1.151568661645226282e-01 3.146321343036290741e-01
7.850784312261796516e-02 7.759295459439929932e-02 1.624577182412459686e-01
4.649723546563452881e-02 1.265103768459716616e-01 3.449999517908409197e-01
4.750414352439503995e-02 1.260000545554491314e-01 3.609707770795395620e-01
5.176944535166150968e-02 1.260273272250882204e-01 3.463921625919495484e-01
6.747045912474902707e-02 9.185396428970679650e-02 9.978774149006187921e-02
5.762129517132073137e-02 1.255839221720403409e-01 3.284449686987397921e-01
7.242904329580035494e-02 1.121452832090801405e-01 3.196310080926331176e-01
2.534294390476152584e-02 1.204420177584997614e-01 3.845593725984486899e-01
7.021441805242423229e-02 1.254764269206341820e-01 2.797402216374582640e-01
6.845809085422130402e-02 9.092789430855384436e-02 2.524799564793790418e-01
5.958227120746666106e-02 1.099215048912038778e-01 3.321150097631957454e-01
5.959379162706365113e-02 1.109856337560712336e-01 3.314112399565680711e-01
6.366196276342793448e-02 1.404632094162326927e-01 3.213720430779319903e-01
6.362829177796619495e-02 1.403610986053968612e-01 3.211175322246175856e-01
3.838960720081663336e-02 1.226615125487137137e-01 3.384869402018248485e-01
6.676341400104381096e-02 1.244578233024459940e-01 2.775767328412686585e-01
6.349261354561620829e-02 1.215273446561618148e-01 2.849975007684877326e-01
3.056764232657619915e-02 1.304885861185938745e-01 3.948841643017872993e-01
5.917899838703263166e-02 7.627829875807969062e-02 1.715434003466826673e-01
4.550267785416418909e-02 1.484968859085236959e-01 3.014995652732007092e-01
5.075932344312172190e-02 1.280019315338197239e-01 3.697593365128958864e-01
6.032474484427649553e-02 1.217607815820184874e-01 2.705261805871894687e-01
6.434083792527646450e-02 8.961326680719981785e-02 7.442040616943218501e-02
4.761202648487969369e-02 1.259990666176455387e-01 3.606237842379696468e-01
7.586499919216098398e-02 1.274999977525246575e-01 2.858339601550940468e-01
6.950000094423866570e-02 1.055173521657733343e-01 2.484978703430659186e-01
6.950000159632414853e-02 1.054986774736468153e-01 2.485001615879337822e-01
6.950309940582011237e-02 1.021483180275239572e-01 2.494968935089180162e-01
8.264347459273450880e-02 1.146613461885708368e-01 2.315485443655203313e-01
3.853043085286922409e-02 1.004871408238726255e-01 9.894450522178108165e-02
6.756391520282442609e-02 1.133499689785622544e-01 2.914452685716966696e-01
5.429735305891844610e-02 1.336635226412693223e-01 2.984545019907077767e-01
6.273697453866000640e-02 8.792032129212828950e-02 5.541518976078032427e-02
4.180108523649501973e-02 1.002808742308351070e-01 1.278194525163687256e-01
4.276040581007232305e-02 9.745818918115468910e-02 9.474488850181370103e-02
5.142072231279905259e-02 1.259425420551587016e-01 3.497128119182992823e-01
6.456277423604646348e-02 1.227848529720209497e-01 2.675187748827358436e-01
6.288911012945179457e-02 1.223820101530406490e-01 2.705452608385606195e-01
7.332784226380761883e-02 1.008359009043711119e-01 1.524506067718495173e-01
7.261393603064313085e-02 1.047783915273132888e-01 1.536482833060639486e-01
4.555091496416337205e-02 1.133303509229081768e-01 3.705303115349324328e-01
7.250407825527244166e-02 1.060234677530365599e-01 1.840930496228071200e-01
8.881943821620305601e-02 1.003964115725894252e-01 1.206735673959383887e-01
4.108179054570328809e-02 1.225469124621463013e-01 3.372741923005195819e-01
6.927726050129781599e-02 1.404117264511499930e-01 2.574846382996698324e-01
9.406287127904522372e-02 1.100905084423904196e-01 2.462255234959790928e-01
6.950211669788665392e-02 1.234471603223747382e-01 1.624789469880233983e-01
6.704607029088635595e-02 9.252629388902042229e-02 6.951272117626718094e-02
6.436465308046247780e-02 8.962780642918645457e-02 7.486453980941257247e-02
3.875124408132787218e-02 1.003998400721052425e-01 9.861973058895186217e-02
5.877610828051217651e-02 7.092686540359374736e-02 4.814025618481525270e-02
6.752506615365597153e-02 1.134892093076020070e-01 2.911731034877191870e-01
6.483723717716943780e-02 1.225380267569362303e-01 2.662718813594087686e-01
5.686303326642168365e-02 9.039306373126666794e-02 6.222908836666381227e-02
6.621427951835889836e-02 1.223456635849145546e-01 2.577221158334999651e-01
9.931244779793445276e-02 1.035094595844321952e-01 1.244849282697785969e-01
6.550000099865971315e-02 9.000011054960500856e-02 8.484926746799338615e-02
4.714231908012328498e-02 1.263934951144627117e-01 3.632662715544555110e-01
8.583956689077022750e-02 8.293564348198201319e-02 9.545468255181095707e-02
5.023960446931011181e-02 1.175000083758352964e-01 2.327604044693100394e-01
6.489350069917580732e-02 8.031977103603131496e-02 4.866753440912587741e-02
6.405424533587793234e-02 8.296817888628132964e-02 5.093642106534629344e-02
7.571999609304269629e-02 1.274999313164729420e-01 2.856418110594238779e-01
6.173293525809718518e-02 1.245064915469792921e-01 3.044837546706431475e-01
5.547127148615396686e-02 9.019116828602552483e-02 7.441784085362597445e-02
6.954512051748035217e-02 1.175638743078321891e-01 2.333295019870692821e-01
5.751430719120213808e-02 7.433538219170461592e-02 1.714716642405418046e-01
4.660089598724627413e-02 1.267932394452352951e-01 3.661867571525595499e-01
2.947707482110960980e-02 1.276993134903988136e-01 3.573589843863517190e-01
2.841020710538311872e-02 1.280107727897339120e-01 3.575015847464244612e-01
3.423521734611595368e-02 1.224626644328058733e-01 2.784857679735782687e-01
6.784724188173925363e-02 8.959200704312138275e-02 1.735000174261936423e-01
4.901985863689620193e-02 1.277406792739022579e-01 3.682618379488641902e-01
3.211986777797605497e-02 1.241349074464610791e-01 3.412793060303818127e-01
4.292953776227981244e-02 1.251431770714947767e-01 2.852585398188755006e-01
7.618046945444659213e-02 1.275016692894979375e-01 2.861988381758941991e-01
3.860338899236847449e-02 1.221192695915828408e-01 3.685662582637128648e-01
6.149708248885391720e-02 1.261256215401909686e-01 3.475231136631705131e-01
7.108772152854099524e-02 9.616319494755272423e-02 1.334823594173660810e-01
4.755162635946000305e-02 1.134501618667572292e-01 3.604486999166865990e-01
5.270669070603149764e-02 1.138218639928817721e-01 3.608868307808595355e-01
5.354574861766785154e-02 1.110929141853103791e-01 3.636505510318090995e-01
6.265964495882404839e-02 1.272864398519595597e-01 3.045920844355908819e-01
6.376330546202818583e-02 1.364404357003176638e-01 3.143934250400008401e-01
7.850005071611329543e-02 7.797104241127426894e-02 1.620319535354298179e-01
4.999196709081524248e-02 1.243158069365520590e-01 2.833422595446130621e-01
5.859968304106573378e-02 1.175801725629777028e-01 2.235393134399078496e-01
8.347194781635521033e-02 1.315475870195491059e-01 2.957451368827554439e-01
4.424649428544863428e-02 1.350158440309411068e-01 3.848300579252142417e-01
3.509762793078625293e-02 1.196999325662291835e-01 3.684737431891874637e-01
7.049496659514474517e-02 1.161985049497597372e-01 1.585544115364071749e-01
6.042543338771226569e-02 1.319241595040198389e-01 3.289965286425952651e-01
5.828429147896439094e-02 1.280199151395758905e-01 2.966173247564284909e-01
8.378547601296068570e-02 1.318641834816538516e-01 2.963821921409142690e-01
4.629842703142608012e-02 1.176697209623392831e-01 2.377538219436907407e-01
4.978145581488497423e-02 1.396654996318376085e-01 3.836678160409485172e-01
4.410228553501634868e-02 1.255195212876537569e-01 3.708299532439561230e-01
5.384422004117329907e-02 1.343150820024558156e-01 2.985625730109872644e-01
6.852108406618274972e-02 1.106380553603327488e-01 2.952037075928566345e-01
5.838679564518196169e-02 9.750874328064992880e-02 1.385185610860698024e-01
5.538015830869880141e-02 9.815590501338151974e-02 1.404775601026402032e-01
6.210656086955000654e-02 8.054836107770231568e-02 1.724792901882149510e-01
4.441047139396114840e-02 1.253821847640206599e-01 3.702781923961596111e-01
7.850760758348791779e-02 1.191367517359316203e-01 2.105841075435169463e-01
8.744395534008665705e-02 1.327119748185100756e-01 2.184439420721304981e-01
7.164383363378337699e-02 1.100073518752606172e-01 1.556350228520569923e-01
7.255031552367732783e-02 1.107916678014402856e-01 2.036004847745819246e-01
4.177999149899563891e-02 9.798663417390632291e-02 9.566202479467850184e-02
7.155404666522947876e-02 1.121251544994406601e-01 1.566574185606940117e-01
4.980253613139185020e-02 1.279969934160544165e-01 3.688025757897815393e-01
9.049183014446705864e-02 1.377946012068337056e-01 2.213165880235777039e-01
8.976782303786501327e-02 1.366483809774838298e-01 2.205014318446739674e-01
3.385538104779044211e-02 1.293414309161131093e-01 3.425193122207205176e-01
7.201073086702634851e-02 1.135075997001110670e-01 2.135364218194981401e-01
6.440087317836264147e-02 9.031532256185573204e-02 7.816142079096297102e-02
6.959354357089271581e-02 1.216291833514444171e-01 1.614230713229714842e-01
7.255493951791565366e-02 1.084494092034310742e-01 1.955569098852150689e-01
6.931963198873149212e-02 1.408091701897310477e-01 2.575368344183203706e-01
8.450660349793906456e-02 1.059939387329913996e-01 8.967310976515636967e-02
6.649890903096714045e-02 1.180023995101512624e-01 3.089960749838084331e-01
6.230346997453745095e-02 1.223544295222666611e-01 2.706289119818489075e-01
7.851115783106801804e-02 7.154121944825546364e-02 1.695225055658626523e-01
7.056181754431939401e-02 1.170071683884301855e-01 2.289295423045848155e-01
6.343357275398701922e-02 9.045647855647077906e-02 8.033089331746146033e-02
6.894030323498710755e-02 9.426021973876341775e-02 2.514996206102294574e-01
6.750000084285714963e-02 9.199989727498826542e-02 1.011296960390953015e-01
6.368711148280450929e-02 7.524457529493203123e-02 4.774141815882154694e-02
7.543870459966693642e-02 1.089029414463490164e-01 3.242789208351244401e-01
4.042183796659781087e-02 1.218695842518955769e-01 2.765552201330392368e-01
3.613956866034585824e-02 1.258884512200350025e-01 2.865402007468819678e-01
8.150863198069824289e-02 1.225279935223692190e-01 2.125080199203866482e-01
3.633502076577158069e-02 1.259143328617595703e-01 2.865171950276441115e-01
5.210381845096926506e-02 1.147560815714594867e-01 3.600846291691251477e-01
5.850380989729011411e-02 1.234485967343157270e-01 3.248194473797760828e-01
7.246162359204127990e-02 7.941936152098778845e-02 4.722907349050099041e-02
3.937622162947793103e-02 1.225099312536604840e-01 3.379889405729852303e-01
6.353267970459187952e-02 1.234499797045918862e-01 2.380006455786520814e-01
6.332834569114012546e-02 8.829767149228699707e-02 6.003141942204119619e-02
6.499834150972665092e-02 1.224999959386945392e-01 2.651056053235453236e-01
5.958415285853325277e-02 1.258170243983371683e-01 2.959909495156456405e-01
6.539925482082666053e-02 1.182781834570990342e-01 2.868283723008599462e-01
6.650308054654288648e-02 9.099998377706186581e-02 9.414856845405676633e-02
6.650004001973082446e-02 9.099918523396463566e-02 9.388571063575454345e-02
6.654319925383325729e-02 1.481395642614815600e-01 3.391007638987069694e-01
6.679959362253734545e-02 1.246330437772128347e-01 2.571914131963170536e-01
7.249377002508851364e-02 1.383114632449383707e-01 1.814938139199455402e-01
7.360837981678088060e-02 1.107461995313478442e-01 3.216088131284966511e-01
7.499034927272479889e-02 9.579368833277730755e-02 1.196351679372615329e-01
8.673004218477241289e-02 1.132947830553742707e-01 2.358054141192695297e-01
5.935940788787862077e-02 1.260097475604328721e-01 3.453596978626928826e-01
3.282431478676737374e-02 1.235279481201062984e-01 3.409558722380761075e-01
4.851892202440250684e-02 1.389414949224074824e-01 3.846821178667409469e-01
4.878755947640578405e-02 1.392162906949918622e-01 3.847643409618795585e-01
3.827941235264557818e-02 1.351294939590774180e-01 3.897064374476510440e-01
5.045066221055892475e-02 1.200276897179883145e-01 3.573712643046986215e-01
3.290860288484966784e-02 1.318022622173995739e-01 3.920447710996976531e-01
7.349402591931594730e-02 1.015059429253155898e-01 1.686482451064728605e-01
6.984757951843535706e-02 1.194483704748903335e-01 1.602139565320460368e-01
6.934388490890444623e-02 1.308268069570946157e-01 1.678437528837983250e-01
8.725265870380045918e-02 1.130694296913536678e-01 2.364380106851332597e-01
7.233061351370662084e-02 1.066235625495267347e-01 1.902185879659930301e-01
7.250000555959222603e-02 1.213036109075442404e-01 1.805000139845600315e-01
7.515220966347599396e-02 1.151830287105087142e-01 2.087401202524045429e-01
8.655465033622236626e-02 1.313457072170826356e-01 2.174582309428158555e-01
8.449482412174039170e-02 1.275892636815012526e-01 2.154132005748736201e-01
6.655262228561087401e-02 1.204284560859426867e-01 2.524029497660145727e-01
7.100026218924558596e-02 9.500005939658276444e-02 1.257378634072166546e-01
6.423567513748004720e-02 8.389545245134810703e-02 1.727963215598825042e-01
8.470057837149644331e-02 1.142822108252439239e-01 2.335235407283776654e-01
7.050013399046380080e-02 1.159944809770194624e-01 1.584985286821382622e-01
6.150707149262162748e-02 1.169995700588030291e-01 2.209868346187439103e-01
6.555196298237156438e-02 1.154760314489598066e-01 2.178989257311629013e-01
5.979735748155062813e-02 1.175755256608944366e-01 2.223629662398797224e-01
5.554489552384866968e-02 1.321016171804674788e-01 2.387240009826367970e-01
5.102922044544819236e-02 1.380861054583266689e-01 2.394824705920552410e-01
6.052295854870612390e-02 1.267140618512419270e-01 2.380009955964670909e-01
6.943831501988967370e-02 1.267054062522472435e-01 1.645818966952750095e-01
7.129634338289506101e-02 9.558986221602337741e-02 1.307946231258733660e-01
7.248755820975516517e-02 1.236270217018679840e-01 1.804875357246644441e-01
6.949248006068713124e-02 1.083689212518527262e-01 2.472129869489601839e-01
6.955022603557640959e-02 1.033730008400819966e-01 2.493694822941927292e-01
6.949999637900478033e-02 9.795397298802838160e-02 2.505020305069827757e-01
6.788204462221296420e-02 8.970652498410926212e-02 2.525357169248294009e-01
6.531056045713377889e-02 1.155887944061331774e-01 2.182674209861707459e-01
6.956224945494116074e-02 1.074210189943135968e-01 2.475909565144596702e-01
4.915532526599518393e-02 1.430435820352643495e-01 3.000491852817125382e-01
6.856813699823528785e-02 1.179493684307911794e-01 2.369546576871702781e-01
5.837477302881607932e-02 1.175646716519490598e-01 2.238246461555712385e-01
6.338214659528874917e-02 8.931726759669514348e-02 6.407668455359072368e-02
7.356648230811328737e-02 1.013018425729632632e-01 1.670715991491007468e-01
7.315547325718323168e-02 1.035046627907579703e-01 1.777158821473668882e-01
7.150005744603500635e-02 1.160623134667853329e-01 2.240188123185974101e-01
8.257602952311327016e-02 1.242372126883886513e-01 2.134446970878428884e-01
9.251742891630941601e-02 1.107232646194161590e-01 2.436249082171037528e-01
5.679261669049040506e-02 1.302067048433146468e-01 2.385754372645468580e-01
7.254599993611211828e-02 1.111582512863375644e-01 1.824747250034299273e-01
6.569664561087787402e-02 8.613107925008092747e-02 1.732413267020750103e-01
5.195685469825322977e-02 1.365730749630150176e-01 2.394913882335008570e-01
4.938729075717458727e-02 1.411417117339969773e-01 2.394736268487454300e-01
7.982891043884202120e-02 1.154751139266901178e-01 2.298203759982992977e-01
6.442145489709869000e-02 1.225646548970986821e-01 2.380004124068745008e-01
6.868170534158181406e-02 1.371347890828162330e-01 2.565423960069932452e-01
8.326282899151093986e-02 1.145412627436312863e-01 2.319317069178608026e-01
7.158898485572615100e-02 1.103007524367832920e-01 1.557449456472999871e-01
7.249496839551498872e-02 1.377480074810037980e-01 1.814949638312749747e-01
5.557125881569735526e-02 9.042605389475263933e-02 7.206595068947950489e-02
7.201068500577693932e-02 9.636530331825393647e-02 1.384112583079034620e-01
6.547447103050116346e-02 9.651412941646017596e-02 1.350083604788449854e-01
4.469343622646004821e-02 9.922428702754670926e-02 1.252317911479686185e-01
8.204007080700506660e-02 9.803748504858098012e-02 1.195012094239233935e-01
7.148796795568095053e-02 9.501254060052401196e-02 1.285198039111956625e-01
6.948957310804186605e-02 9.389493329155754187e-02 1.157230574264974110e-01
7.687085607933666354e-02 1.015463182172594431e-01 7.869502483674664650e-02
6.550082640344448426e-02 9.000004759227661633e-02 8.502010371756904550e-02
7.049840044001633166e-02 9.400080433139176850e-02 1.189868870599431055e-01
6.718133027880407449e-02 9.152580776251732775e-02 9.854189817991533540e-02
6.208020287341738802e-02 9.438817766640808515e-02 1.125675015901005799e-01
6.437889144267143482e-02 8.964463268899292014e-02 7.526864469511911071e-02
7.455261047268929575e-02 9.453803849346772981e-02 1.485684894617382013e-01
5.558127871696649791e-02 9.043331960681064152e-02 7.182457288182429733e-02
6.888542636002523145e-02 1.246315560303036946e-01 2.792109503414019200e-01
7.031027510974602324e-02 1.059210110571591340e-01 3.009315443322429506e-01
7.125211159823061080e-02 9.555671814959720844e-02 1.306455243002919708e-01
4.648891252658694101e-02 9.853836141359231804e-02 1.237450018578321459e-01
6.764214640332959216e-02 9.200314722390678934e-02 1.031995625292351088e-01
5.560428875376381003e-02 9.048813898237154096e-02 7.098497866955982838e-02
5.701107317649242029e-02 9.549999793560591532e-02 1.154918754902911349e-01
8.205821639852001192e-02 9.805116735029401065e-02 1.195022541502780838e-01
6.296750678038207094e-02 8.656504516659377368e-02 5.276921895915116789e-02
5.843128434234080848e-02 9.010171553770639219e-02 5.687004423730539909e-02
5.552457490512563432e-02 9.044933731796517273e-02 7.270312045101155751e-02
8.574685859510282337e-02 1.299540100905175743e-01 2.165526267674321159e-01
5.666445347310079816e-02 9.550792539123456604e-02 1.156245453887499164e-01
7.258234488639468684e-02 8.771536770911092518e-02 9.072033150657489442e-02
6.942805464675566585e-02 8.944579817833547830e-02 9.055589027105503952e-02
8.084778190281111110e-02 8.382700038690438227e-02 9.281354065360845895e-02
7.720301494710789247e-02 8.566505330865793744e-02 9.161176919436153643e-02
7.727739126968800887e-02 8.564721335418924719e-02 9.162109395764228559e-02
8.769851805067094275e-02 8.249305491681514779e-02 9.660371768246092672e-02
8.415287387262215812e-02 8.344850133920142521e-02 9.454571291494079377e-02
4.637316143947133040e-02 1.176210885454243155e-01 2.376265142420748433e-01
8.373366019267429461e-02 8.349658409462051845e-02 9.441686847057415011e-02
9.414924316743771004e-02 1.024135429514374945e-01 1.222166814143000324e-01
7.098415293663368208e-02 9.499994674349901413e-02 1.244850174641730783e-01
4.924597324365036222e-02 1.003919857866151788e-01 1.471106295693268284e-01
8.738709891621079806e-02 8.252027503237954753e-02 9.643030658605161731e-02
7.666697910347264333e-02 8.716865785873023631e-02 1.533453563454545976e-01
7.850001246252040488e-02 7.101624890308641525e-02 1.699852783380470800e-01
7.844095499860159748e-02 8.149719528134256874e-02 1.583062946661748793e-01
4.201086244328877672e-02 1.002604337958384884e-01 1.276340474977179784e-01
4.225376972797723063e-02 1.002524828011863850e-01 1.274698289831762699e-01
6.733123033248764044e-02 9.161781265011058328e-02 9.895566670997005265e-02
6.907081295818523481e-02 9.442463553967246626e-02 7.065573860884023782e-02
7.176379370627730681e-02 9.735502885907559856e-02 7.336089859607142216e-02
7.470367795534238464e-02 9.975048310020297182e-02 7.606179081647240769e-02
6.566073720761483878e-02 1.216806609236181225e-01 2.590380834890488315e-01
7.850849447119687130e-02 1.025014300845797782e-01 8.052072843803927127e-02
7.380008876845506327e-02 8.721172484447639595e-02 9.091342318904932496e-02
6.325257436894980712e-02 8.878408417541290565e-02 6.265184571713690309e-02
7.900034430423778786e-02 9.700015428642326520e-02 1.194842615207628994e-01
7.341071745104736646e-02 9.975859835758653371e-02 1.523483112790878502e-01
7.785569587060887919e-02 8.373513375782626333e-02 1.558471090528835701e-01
6.532834533976267233e-02 8.545237264521739207e-02 1.731001606071989884e-01
6.660266410421809835e-02 1.203392272855550171e-01 2.516353563342237365e-01
7.042459153751465251e-02 1.182046989319434915e-01 1.595207869487840491e-01
8.450695273750237491e-02 1.059926081313513346e-01 8.967282299415345326e-02
4.999262871917965062e-02 9.338214490691873482e-02 8.904788590123995096e-02
4.777643254899584246e-02 1.005180795941788552e-01 1.487511499825602268e-01
4.664330684477522443e-02 1.011314130411416351e-01 1.504199592787495987e-01
4.046030866880716975e-02 9.905588680818490366e-02 9.705610811577568275e-02
7.500002572014902169e-02 1.000000220637354414e-01 7.650000151388545999e-02
6.799606843118417843e-02 9.203918531707738770e-02 1.056606961011284374e-01
7.250000431974006065e-02 1.210112069135079876e-01 1.805020474995753799e-01
7.871873905598010535e-02 1.285858862118270107e-01 2.895220602184989667e-01
5.503913869726277663e-02 1.205014650098714668e-01 2.710005299428620562e-01
4.882054500344840814e-02 9.759814070420930188e-02 1.214436485232187196e-01
4.883075797496357062e-02 1.204885028638515432e-01 2.732812922464207817e-01
5.008109762320163416e-02 1.204085797377956596e-01 2.726491325467955695e-01
6.971030650159443232e-02 1.069840963616243007e-01 2.996439934505999991e-01
6.842275238585994457e-02 1.315618131535606083e-01 2.565316582447445537e-01
6.458067923215304873e-02 1.196557395182301087e-01 2.859279828873675378e-01
6.144514180340224924e-02 9.448182791476807119e-02 1.128242382121273646e-01
6.949739915406470681e-02 1.082484753812345268e-01 2.979597131241956132e-01
7.143968074150568170e-02 1.034699462172328915e-01 3.036089472215820484e-01
4.649692282799380155e-02 1.109853652897507120e-01 3.614741834917122865e-01
5.821754452884721903e-02 1.214108445889508087e-01 2.706782520642828649e-01
3.927325684046754917e-02 1.255963726127466151e-01 2.858635666298803280e-01
4.528264069758734106e-02 1.248092313346217258e-01 2.845156263252486273e-01
6.930989994649368324e-02 1.306426118652220802e-01 1.676953322436055827e-01
6.757257595845111986e-02 1.132155566320355022e-01 2.916216797811925221e-01
6.870783819956444161e-02 1.089794417856093101e-01 2.970212382815120566e-01
6.051588497382951598e-02 1.244421715016838931e-01 2.957524313807601835e-01
6.954974164671878789e-02 1.146781085522017296e-01 3.154345845463731313e-01
2.873916371986207433e-02 1.279329171743959770e-01 3.574830414668171974e-01
5.106458258306540571e-02 1.394551999416201449e-01 2.994462584647792358e-01
4.549735762314530141e-02 1.485030822910474169e-01 3.015004407546411636e-01
5.747331010393140482e-02 1.290937848739130700e-01 2.969998396742324909e-01
4.834477864645464473e-02 1.444434151056599724e-01 3.004197890407827032e-01
4.617221353264638201e-02 1.207642600090743645e-01 2.744412999415482557e-01
4.642924718355450481e-02 1.245651494595412384e-01 2.844485755513385117e-01
5.902519952740863107e-02 1.239997279127783153e-01 3.182541961534838815e-01
5.850449578235158987e-02 1.234588619624590045e-01 3.247966159514341644e-01
5.999876895926804787e-02 1.201132629810481994e-01 3.258917702600475641e-01
5.649973361622992463e-02 1.250001424065944888e-01 3.325065420671644567e-01
5.650001892492186734e-02 1.250002423088111547e-01 3.324995511256994551e-01
5.945435339969300931e-02 1.077462801847964280e-01 3.335064012074953066e-01
5.743321223551901833e-02 1.266278154309952442e-01 3.806115661335485734e-01
5.957384893219776906e-02 1.105335471669866010e-01 3.316712241861170529e-01
5.741717861156475644e-02 1.262092867792145301e-01 3.444444249780332923e-01
6.936000823710558594e-02 1.276062220004740844e-01 3.618096621355259002e-01
3.601852300912559979e-02 1.267231955725847681e-01 3.555173815859135611e-01
6.300004906066010435e-02 1.269996157443794293e-01 3.490008536412878559e-01
6.062584562486365153e-02 1.260749936726652531e-01 3.466393543751363771e-01
6.546275329712608615e-02 1.192709279788842502e-01 3.071645532226176534e-01
2.796188061629470770e-02 1.281693595315537282e-01 3.575560335646860155e-01
4.850147942909428800e-02 1.220463647686642755e-01 3.580280471322720426e-01
3.424301010661962713e-02 1.272633447653635785e-01 3.562478472178993716e-01
4.575034315198870521e-02 1.207496384446816173e-01 2.745378184551441891e-01
4.300018424458564026e-02 1.258059314596627065e-01 3.752226108225538148e-01
6.038095426828204298e-02 1.156291347594509272e-01 3.279917645684714556e-01
6.000539392701564195e-02 1.235956634911213881e-01 3.093457281138209392e-01
6.355348283536922660e-02 1.306512456281538337e-01 3.062333652346929669e-01
5.950058637002669792e-02 1.239996817610437285e-01 3.164863505954543799e-01
6.389946955651669425e-02 1.384426833043904681e-01 3.177946774011188302e-01
6.397675950342261719e-02 1.344159526982590391e-01 3.107227001174239223e-01
6.650475376920511605e-02 1.480172549959095918e-01 3.390134122243586012e-01
4.065307599836152225e-02 1.269880005278699597e-01 3.550005552269099307e-01
5.401729490161459590e-02 1.254914198473433551e-01 3.433444961377032922e-01
3.792698504242857094e-02 1.227070982183202097e-01 3.386317734946509561e-01
6.921540709142064152e-02 1.275595221276634716e-01 3.614888933812291372e-01
9.253698185159078826e-02 1.107120614986616541e-01 2.436829242607890800e-01
4.551931735938982010e-02 1.247607302375784155e-01 2.845232095870358635e-01
5.273939788606515217e-02 1.136023681185285156e-01 3.611450709343936860e-01
5.354010559745901038e-02 1.109172216129814675e-01 3.637597062177073126e-01
3.762767846336355360e-02 1.265159682060401636e-01 3.551342320058820667e-01
4.972462296368348328e-02 1.393002908658517169e-01 3.822755948831633721e-01
6.583704603005272049e-02 1.274626837342576480e-01 3.555912086405195738e-01
3.578538625509426058e-02 1.229813890632396461e-01 3.395307899463966272e-01
4.563794596381718499e-02 1.155035981189721367e-01 3.716052862443323113e-01
6.158857760510573487e-02 1.369588513359276116e-01 3.322993858078496787e-01
4.495983875569906779e-02 1.226633514765785304e-01 3.712906184607958626e-01
5.036295220502849668e-02 1.407794497378142828e-01 2.995284782181895089e-01
5.905799076339872389e-02 1.214282336755116709e-01 2.706151097863496169e-01
6.462309897095309952e-02 1.273397158046377931e-01 3.529571859157701885e-01
3.105655841734895201e-02 1.160809401200728064e-01 3.679042634402328593e-01
3.838158405920074484e-02 1.236240951422424433e-01 3.809975723970195349e-01
6.456901692354594102e-02 1.272666367621597405e-01 3.527465347048369670e-01
6.703232935981066898e-02 1.194991852928086878e-01 2.479797797559265549e-01
4.783105267436910113e-02 1.259982949602415914e-01 3.602023457474086143e-01
2.635794341669436130e-02 1.207522008826240473e-01 3.842846092254270651e-01
4.436272698295393863e-02 1.334695314193533877e-01 3.811494425568949795e-01
6.199997202942399144e-02 1.234999999512546298e-01 2.888333055302930163e-01
5.545890008463182780e-02 1.275493755243904126e-01 3.773311479506501476e-01
5.300113597301712998e-02 1.289988147464190271e-01 3.725006734378731310e-01
9.163765293345621510e-02 8.159640568742154709e-02 9.922153268246451663e-02
4.998920311166148850e-02 1.239967273305525586e-01 3.350007830579612156e-01
4.700105631448857346e-02 1.230002716257690976e-01 3.350002295883285353e-01
4.699963588953735838e-02 1.229999051828277873e-01 3.350003860256492438e-01
4.463230229678748912e-02 1.271504944441346763e-01 3.447925127288842262e-01
7.173755760603599263e-02 1.125373222254538175e-01 3.188471605308365597e-01
7.650999473405951934e-02 1.077581032491860269e-01 3.260022507297503092e-01
7.251971392466506627e-02 1.085881339306550147e-01 1.961744480356190923e-01
5.956656204596477711e-02 1.260503344514418700e-01 3.455843579808566823e-01
6.364005730073499234e-02 1.376493266470822097e-01 3.165248928181543797e-01
5.420649748004609941e-02 1.338108392653411527e-01 2.984673041070757260e-01
3.680121587775915526e-02 1.260731224737838274e-01 2.864734998176634018e-01
2.913461375755813099e-02 1.214999986823443318e-01 3.840000630039311913e-01
6.066680799297004961e-02 1.341005830744349259e-01 3.303693098581119147e-01
6.751867248045195780e-02 1.165000182187623801e-01 3.116549233024955567e-01
4.482109866856866937e-02 9.913376216015630515e-02 1.251369346321896114e-01
5.575453606275814628e-02 1.312922690055409181e-01 2.976313130961906750e-01
4.096328650164347135e-02 9.851805615678409234e-02 9.650951799394455466e-02
4.965598114541321106e-02 1.256210156155776747e-01 3.460001497646528201e-01
7.250656624823746677e-02 1.167266531809175167e-01 1.812120353142309681e-01
9.498983378933763266e-02 1.025016777878874630e-01 1.225075626048385269e-01
5.999986242950798576e-02 1.239998368894766195e-01 3.127920000000000145e-01
3.951191089151809971e-02 1.278424352201746883e-01 3.441713344241668637e-01
7.087911927255002853e-02 9.644203484360480694e-02 7.244204776479973296e-02
7.174743249988344007e-02 1.097119081989827577e-01 1.555652629431047151e-01
5.700058581489256954e-02 9.050056683982884986e-02 6.147607148548243222e-02
3.944724458843259368e-02 9.986334654974549085e-02 9.788437333658860096e-02
5.549958621248754498e-02 9.046661264053171281e-02 7.294852329573657534e-02
7.250011314161063092e-02 1.090073127695893179e-01 1.976949353003225329e-01
7.263304373863009589e-02 1.103908696355267310e-01 2.021114850613029978e-01
8.107147337829054279e-02 1.039104282570272042e-01 8.398764223933487261e-02
3.999811118122861830e-02 1.229988977277122614e-01 3.680025395524471610e-01
6.482163230344040183e-02 1.274487991036659107e-01 3.534506458323256606e-01
5.900009851969876401e-02 1.239995489916657506e-01 3.217300000000000160e-01
7.357670242884545297e-02 1.003705479266042699e-01 1.623307929663513616e-01
6.000119830395109211e-02 1.239582326859028361e-01 3.100069973548837954e-01
6.866128443705031559e-02 1.369977477408251820e-01 2.565238132720318309e-01
3.346091214562388338e-02 1.182982494609716440e-01 3.682843525824685549e-01
5.900014577874505839e-02 1.239996696704037255e-01 3.200770000000000004e-01
6.050705779351557567e-02 9.475611893834952337e-02 1.134245197010402134e-01
4.308756707467094327e-02 1.265361753625086350e-01 3.550004123098321474e-01
6.379691547593163703e-02 1.354699589986733954e-01 3.125344520295463280e-01
4.047611353643744414e-02 1.232549729656095133e-01 3.682831820362811870e-01
7.257661355611164100e-02 1.083720384851736412e-01 1.952277625089763602e-01
6.750001129628994956e-02 9.200016304813125878e-02 1.018993141347925846e-01
5.137583894439211318e-02 9.702450973705036008e-02 1.195243982662657217e-01
6.646791002876782650e-02 1.161285311375013091e-01 2.884325770802595446e-01
6.355583716605760214e-02 1.419342677184673995e-01 3.357806876998632450e-01
5.617110390861941582e-02 1.239807892178465265e-01 2.820019786208954327e-01
9.148392051835664562e-02 8.161915353116155902e-02 9.912621194588573659e-02
4.728995755812229196e-02 1.375224135869217712e-01 3.833743890434848645e-01
6.052366574080522005e-02 7.828569870536142283e-02 1.723301467698240830e-01
7.349939489965801043e-02 1.015005965488193773e-01 1.685160241958539862e-01
7.649493824574755962e-02 8.823169184421805755e-02 1.524297625735503980e-01
7.350783846466371618e-02 9.950359436798207613e-02 1.573812071102441423e-01
7.661649963509813144e-02 1.171111088772709558e-01 2.095711711504826269e-01
8.151973803622247772e-02 1.225406981741805068e-01 2.125104756236861903e-01
6.152007801648996799e-02 1.255694183471488534e-01 2.380006093994652128e-01
6.848086649993195829e-02 9.160400336134122412e-02 2.522584873632413571e-01
6.657751164509762010e-02 1.204081647983206022e-01 2.522159210046919786e-01
4.963207825323138339e-02 1.174936776784248904e-01 2.334118288383209006e-01
5.619108852162926077e-02 1.311933299258116470e-01 2.386691040659485452e-01
4.551025283337566812e-02 1.107215515109858106e-01 3.690274021731959064e-01
7.249999909027163292e-02 1.074925321071597828e-01 1.924786601809992115e-01
6.849999169727320758e-02 1.344851325351266724e-01 2.560349034723651274e-01
6.864206073836792710e-02 9.342953334073959837e-02 2.516389506256033193e-01
4.090744112317344638e-02 1.219144656214856820e-01 2.764754287618719775e-01
7.266792411122538486e-02 1.277133480161812551e-01 1.803381626808341909e-01
7.253355086619558967e-02 1.299368236972881230e-01 1.804958482550332310e-01
7.350584366012366533e-02 1.014940924228557861e-01 1.683527523454209085e-01
6.350621160450235780e-02 8.283001539637802058e-02 1.727408358437989289e-01
7.250000175055916485e-02 1.187826750268966003e-01 1.809531647204949412e-01
7.602723119387977402e-02 1.163417553386146414e-01 2.094760829007981662e-01
6.862968659362439494e-02 9.332804284827887764e-02 2.516490604060750425e-01
7.659657440779947535e-02 1.275185912195815341e-01 2.866890205386197210e-01
6.246693916520400930e-02 1.245281391652039577e-01 2.380005047068762258e-01
5.035253614918388382e-02 1.393037844734483499e-01 2.394716378198683548e-01
6.603491512295944776e-02 1.206772619208516528e-01 2.380007537681803897e-01
4.816179491996876172e-02 1.431999536740393708e-01 2.394937469258277551e-01
6.987579356723475077e-02 1.441176845775165583e-01 2.584884236827029724e-01
7.922038544053057463e-02 1.155344936332852873e-01 2.295001567313804947e-01
3.744385394086657826e-02 1.259651131300267846e-01 2.864077972776054026e-01
7.095766778861115065e-02 1.501536334049412280e-01 2.605269041198989832e-01
6.411827716326051751e-02 9.663835957682184730e-02 1.355676728194071257e-01
6.938233589144331137e-02 9.364460957619075154e-02 1.148093642229703892e-01
4.623428159293755529e-02 9.854466335279440936e-02 1.240600192855868950e-01
8.669624776119359832e-02 9.966724386419341386e-02 1.203729486927098413e-01
9.199350363297481570e-02 1.015197902747856790e-01 1.215177894946329329e-01
4.644254309253560697e-02 1.359919353771192607e-01 3.816881164796223080e-01
7.240801813254385544e-02 9.670183470408841298e-02 1.404526051516186702e-01
7.849572141806190895e-02 7.078368513037049115e-02 1.702163173509261829e-01
4.492185337461652994e-02 9.617007252822894203e-02 9.311427375430245124e-02
7.148825076576889592e-02 9.501099436949693444e-02 1.285050651773534947e-01
6.380552733065257554e-02 1.364740353425238917e-01 3.144984839143525335e-01
4.229794551550909026e-02 1.002483722778772790e-01 1.274372650676248997e-01
7.146420961959630558e-02 9.749515685730929249e-02 1.744135059427217860e-01
7.581299395934547325e-02 8.640956020256013170e-02 9.128514940160893654e-02
3.807189888900638919e-02 1.223145632202357197e-01 2.774103960681927328e-01
7.784117431156564737e-02 8.406404021082625189e-02 1.556108292359690004e-01
7.848833574055961992e-02 8.092313470616500914e-02 1.588886223979317502e-01
6.517799134654359006e-02 9.370705982799867884e-02 1.112860290817647840e-01
7.850401648102074692e-02 7.132348045922079494e-02 1.697085598416838703e-01
6.829657159633764629e-02 9.367017769029466201e-02 7.022038219477022558e-02
6.999339059488138282e-02 9.549417671847966471e-02 7.150417842991087236e-02
1.028387247079622091e-01 1.044969356738776195e-01 1.264538608430377242e-01
1.025686920946024538e-01 1.044862634731279494e-01 1.263663718203577313e-01
7.550069926722648150e-02 9.095992779506009707e-02 1.505350352354592747e-01
7.828416908863847223e-02 8.231665354663987577e-02 1.574206363485917415e-01
5.437904251198434624e-02 9.588598202309857321e-02 1.171980864274637796e-01
7.355477642057244025e-02 1.265032660801303777e-01 2.831055006311227751e-01
5.221971076010159529e-02 1.203951972417675320e-01 2.716906652004281719e-01
6.363580854832366629e-02 1.309595451784946463e-01 3.063578120779177349e-01
6.751921976336633380e-02 1.164997896613054196e-01 3.116580444638342717e-01
6.073744747960128226e-02 1.342937379484607230e-01 3.304316666869258068e-01
5.184433859393265676e-02 1.380176431744172816e-01 2.994623589059976498e-01
5.137269668669353084e-02 1.388551924743782751e-01 2.994639574331069976e-01
7.860366148272013298e-02 1.285581495164692389e-01 2.893465896209461707e-01
5.213973150138687812e-02 1.376429700841118320e-01 2.994460173317506912e-01
6.951513648919167843e-02 1.147376753610747785e-01 3.153568623558607453e-01
6.375341500358222557e-02 1.354326948578540302e-01 3.124279064575790632e-01
6.055431122941638128e-02 1.337666110038520928e-01 3.301856954856343118e-01
5.946123422683918108e-02 1.077823590061222636e-01 3.334981390108435195e-01
5.949987215746105340e-02 1.239998484560102393e-01 3.165031955990894597e-01
5.998613298855647730e-02 1.239997007601533752e-01 3.143998162767331905e-01
4.649978032784064103e-02 1.265104653921010069e-01 3.450001965623382683e-01
6.682454434372502028e-02 1.274571381487905330e-01 3.575724825151439523e-01
3.583009449227049503e-02 1.267773361179279634e-01 3.555581042251342860e-01
4.651099474412547646e-02 1.110605857716287365e-01 3.614644059977594748e-01
3.310270157687478926e-02 1.274667684780610155e-01 3.564933247124618676e-01
2.734654988553517074e-02 1.283558846856408808e-01 3.576558409210978118e-01
7.149899491804292961e-02 1.529538099423180531e-01 2.614970084094038749e-01
4.578235514536518891e-02 1.194003262041588298e-01 3.721494684338040870e-01
5.180591190012360375e-02 1.286624169053656175e-01 3.708888419801790737e-01
4.698259639615336852e-02 1.229976540496664772e-01 3.350042967529895943e-01
6.800553956070608252e-02 1.275009168424921513e-01 3.595030189226657846e-01
3.262100377367358611e-02 1.173784026354061927e-01 3.679998372175555255e-01
3.262204030955940387e-02 1.173794586212641294e-01 3.680002196538179615e-01
3.415246944717166555e-02 1.190847530708163821e-01 3.684613580905528596e-01
5.268452675497942161e-02 1.288672037588701746e-01 3.720521494502116444e-01
4.680679494267520752e-02 1.265742597090425414e-01 3.450666189683124219e-01
5.761037426746920542e-02 1.175662428525574843e-01 2.245861742674693240e-01
2.896113294445114283e-02 1.214988035551530510e-01 3.840004486738139433e-01
2.545899244118935562e-02 1.204734742727941038e-01 3.845285419043778519e-01
6.227076573945223431e-02 1.264229411694293703e-01 3.483349912125812131e-01
6.550012848751123051e-02 1.219846547869759407e-01 2.614077242240136489e-01
7.202441875008300243e-02 9.749941206884236988e-02 7.351379897645450578e-02
3.045737777734968191e-02 1.305306571411126715e-01 3.951013800676202448e-01
6.000007506743771507e-02 1.239998231007507917e-01 3.114238152764186029e-01
7.245694861276311127e-02 1.080203571814290775e-01 1.549777421578076575e-01
8.834999711873708916e-02 1.343890264009532098e-01 2.193354918463655545e-01
8.450664583860226231e-02 1.059941495981241155e-01 8.967339998217999097e-02
9.112420061892398393e-02 1.013061855567068958e-01 1.213801980756648857e-01
6.751509446126580105e-02 1.165036368050227089e-01 3.116226224017848434e-01
5.688281212036841450e-02 9.550134600561821507e-02 1.155328892225552101e-01
7.118324702511008573e-02 9.656373501741359611e-02 1.742280005643434271e-01
7.354054575030781471e-02 1.005151626129390519e-01 1.631477041008927709e-01
6.700042611945736248e-02 1.267614052671935942e-01 2.569999248788678581e-01
8.365507982542996768e-02 1.263548714293394326e-01 2.145369198092990648e-01
6.950394531874747039e-02 9.311281737589413576e-02 1.739999449395209508e-01
6.950670618762296027e-02 1.016559377152086580e-01 2.495067235518104998e-01
6.696261365422542799e-02 1.195010597530020979e-01 2.489948507661207400e-01
7.245115429031309673e-02 1.254991550965482705e-01 1.804348316216470571e-01
8.500906052599785379e-02 1.140602585057896856e-01 2.338578088961411061e-01
5.284469567050344846e-02 1.175000093858553918e-01 2.301552956705034680e-01
7.255677783244662837e-02 1.155400829782475408e-01 1.815538748675908365e-01
4.675478242983775040e-02 9.515040643632212414e-02 9.137666903877819657e-02
4.526831236074851939e-02 9.600871857967180345e-02 9.279048230579450829e-02
7.462043201102047663e-02 1.097551970366006518e-01 3.232387559550942147e-01
5.699995460016560322e-02 9.050039629420188192e-02 6.148012719868101855e-02
7.690208348655577786e-02 1.015471932877209382e-01 7.871474949470075311e-02
7.650107473501868705e-02 8.792171157139415383e-02 1.525477652417690788e-01
7.253380995938599196e-02 1.262906544747334769e-01 2.820120045597082625e-01
7.343284924908832778e-02 1.264978732132955030e-01 2.828712510794073598e-01
7.046514766523609419e-02 1.467137851641511503e-01 2.594442268104203420e-01
6.812948644257280084e-02 1.160309325603240127e-01 3.126956211031813870e-01
5.956455635646218383e-02 1.106638307762685819e-01 3.315952445958058603e-01
5.950002452053190782e-02 1.239998682517910178e-01 3.164994069192324511e-01
4.030473754212214599e-02 1.280546419281511916e-01 3.442251823625189777e-01
6.399960729711495766e-02 1.335357273555475011e-01 3.091423006099415227e-01
4.142198959636225059e-02 1.269849438845200018e-01 3.550006389531649709e-01
5.399931273225708900e-02 1.283789543844288117e-01 3.743780606037399039e-01
7.355196223975386804e-02 1.108229456898715271e-01 3.215000859650550824e-01
7.543639198237613031e-02 1.088943947395799444e-01 3.242839649549921210e-01
5.702330293518091675e-02 1.298551475248951315e-01 2.970093490212487031e-01
6.356005638108679079e-02 1.399812670446369811e-01 3.206240459140263788e-01
6.950282911807546815e-02 1.018652767277680171e-01 2.495028290467395382e-01
6.653858470316700857e-02 1.158519857646724271e-01 2.885817242954775153e-01
5.338678849902889212e-02 1.344300639883194426e-01 2.394249524267424434e-01
8.210415613988400474e-02 1.305026920059613182e-01 2.938043614315358765e-01
5.327704044204388534e-02 1.175000044676845212e-01 2.296475736091373732e-01
4.367199432191982283e-02 1.266987341055073046e-01 3.550068893521303171e-01
7.350000329590067327e-02 9.998454027214090378e-02 1.597106745750885848e-01
5.600346460541567872e-02 9.050005497682273026e-02 6.715348963149590789e-02
6.649919954072042172e-02 1.160043781718697598e-01 2.884983690265469081e-01
6.839067617907444718e-02 1.314338687060401245e-01 2.565434153486564894e-01
5.991484750583266766e-02 7.732754659267275510e-02 1.719624443332861130e-01
6.253156467473974800e-02 9.711739042353377538e-02 1.363325305375722996e-01
8.248064993665514544e-02 1.047775992411116158e-01 8.638597289668775714e-02
4.591127928671860647e-02 1.181523012308354909e-01 3.724396371935129180e-01
9.919868996189230848e-02 1.035126313631355988e-01 1.244650780140239554e-01
5.267547345407654763e-02 1.242330946695115595e-01 2.825878686729177414e-01
5.679879113892058462e-02 7.332593068939576020e-02 1.714300580835211307e-01
7.266619461941364877e-02 1.126695431205963910e-01 2.085774337784611909e-01
7.263134663629758347e-02 1.043002319996430421e-01 1.804130396783296675e-01
7.337233598333867124e-02 1.002480015733358959e-01 1.523866202402750503e-01
7.348865669229200093e-02 1.023847168064856705e-01 1.735321701894612934e-01
7.249964480451906446e-02 1.130046357523128570e-01 2.109724194297052380e-01
7.151025815358601212e-02 1.155024422083937574e-01 2.207110921203775666e-01
9.046247631357935692e-02 1.115812703580939674e-01 2.406353528481443571e-01
6.816195274018060912e-02 1.186207406503013428e-01 2.385796103464057349e-01
8.944693472263585965e-02 1.124340324688507947e-01 2.393640728077940094e-01
7.324787897800132119e-02 1.164301976588895809e-01 2.263629614370285537e-01
7.248250973932912622e-02 1.056445216214960819e-01 1.846957312430873577e-01
6.099918042238443999e-02 1.235000390272252696e-01 2.989249988066936536e-01
7.288584406087247891e-02 1.036044962886020909e-01 1.784094153145098227e-01
6.751064559038039148e-02 1.175001764315545122e-01 2.451051840947159055e-01
3.553775363332085241e-02 1.330215388219195272e-01 3.906278675765770814e-01
7.549998172881823566e-02 9.173845740729308362e-02 1.502031894049825622e-01
6.136190814990118841e-02 9.746322267078243173e-02 1.368580613167404703e-01
4.767123062702453840e-02 9.459400245162329079e-02 9.061776816945964208e-02
7.032845337417495402e-02 9.635049403541648405e-02 1.332844483455570828e-01
5.615885985262177721e-02 6.859279386803800171e-02 4.843708260444470892e-02
6.271973326194427156e-02 8.804808285929867362e-02 5.569556496044024418e-02
4.507373722506595459e-02 9.896273814933753687e-02 1.249329663402536233e-01
6.299252875710069366e-02 1.234999968822043243e-01 2.802036603762544376e-01
6.735604431975635020e-02 1.281399573803071734e-01 2.567645239854731698e-01
7.068581601851246787e-02 8.871088540911370446e-02 9.063076639469491713e-02
5.824955596833947258e-02 9.048148337548900244e-02 8.302202346862472271e-02
6.549999865074736249e-02 9.000012441139680630e-02 8.460723199171307773e-02
6.305550904522273792e-02 7.463413577671072774e-02 4.779579107343906452e-02
7.434967840629277958e-02 8.109988522453825954e-02 4.709266078562706487e-02
6.269672231945444540e-02 8.713840442376299955e-02 5.345096884859133757e-02
7.259454808250230540e-02 1.044383904215552689e-01 1.812447797691000284e-01
7.849999670182544742e-02 7.931579462189222718e-02 1.606767216172469148e-01
6.690276412431510333e-02 1.244844801857723920e-01 2.775933851872256497e-01
6.352333372121549138e-02 1.213086629742715222e-01 2.850625248254834987e-01
6.367982973049587936e-02 1.210429976752008668e-01 3.053580053173429731e-01
6.096217378859192931e-02 9.049998520825265624e-02 8.152368387699339414e-02
6.251227516465673872e-02 1.269289379644392424e-01 3.045442537947706252e-01
6.145110466080812989e-02 1.235682179855908253e-01 2.933038864936394763e-01
6.143652036330059241e-02 1.235821356291381401e-01 2.933787385017951888e-01
6.217952248591766123e-02 1.255748964281185598e-01 3.045833120045602915e-01
6.425017694149740000e-02 1.235167710418047932e-01 2.766060805489948260e-01
5.952045298222957692e-02 1.293236140067857975e-01 3.284206191515110507e-01
5.276557528377046058e-02 1.255813427452453501e-01 3.454927341075105240e-01
5.953118776998896772e-02 1.298746811692533254e-01 3.284894199877183563e-01
5.761961257832150934e-02 1.255211052101381508e-01 3.285305300703632025e-01
5.449931152592919076e-02 1.250002171705396903e-01 3.400027586792162548e-01
3.657730717960962913e-02 1.285651346685462715e-01 3.434988199417455257e-01
3.646458336931884120e-02 1.286254188847991697e-01 3.434792507001349637e-01
4.255288895010597705e-02 1.288391350796184442e-01 3.818563066568201880e-01
4.556812141461356186e-02 1.081671048546850866e-01 3.625522492275811692e-01
4.498835706148071600e-02 1.235171315025760941e-01 3.709896033711428953e-01
4.131921848168697980e-02 1.250751968747607634e-01 3.791336642436534121e-01
3.314775260587068950e-02 1.224124060396091368e-01 3.832772116274402729e-01
6.206620809262035354e-02 1.383730881230691434e-01 3.333374299945959240e-01
4.814217013032855152e-02 1.378393913727830045e-01 3.817790717661043720e-01
4.276430354775031389e-02 1.254795377971206494e-01 3.764325783021145178e-01
4.896008863799582861e-02 1.179511172295483051e-01 3.589016265790935245e-01
4.856105964316410201e-02 1.249269311906887892e-01 3.580148518153911663e-01
6.854464135315187223e-02 1.128231930922102694e-01 2.455253009976857137e-01
5.986319095806316021e-02 1.129052137324146887e-01 3.297248482902769839e-01
6.201233411836463982e-02 1.234998009659175611e-01 2.866206975493372222e-01
5.235660164833869784e-02 1.260347584937879517e-01 3.461914482934651538e-01
5.918443140941156977e-02 1.266857065541923122e-01 2.960759232926646889e-01
6.764063438336254119e-02 1.292448301857502813e-01 2.566233261339920801e-01
4.255536591618749170e-02 1.287759405279182978e-01 3.817573250163313614e-01
6.958242636835917927e-02 1.175654832036993752e-01 2.327579056020189219e-01
6.416785555709156319e-02 9.040904970523748474e-02 7.930620018413316041e-02
4.998819444593323447e-02 1.193218944885683086e-01 3.581524904842022239e-01
4.155708212537718993e-02 1.253084021193433539e-01 2.854621405014746705e-01
5.672799473395617048e-02 9.014056635343188628e-02 8.353623346599804711e-02
6.971482051526511903e-02 1.433611545808883281e-01 2.583698470515058410e-01
6.549995855673357292e-02 9.000043767032507580e-02 8.387597810414586241e-02
4.326117403343601037e-02 1.214186152040880734e-01 2.754959153732768340e-01
4.952470876886240492e-02 1.167863966633871792e-01 3.592493288491429015e-01
6.945411831877740250e-02 1.275628263313108857e-01 1.652944920355547687e-01
7.301103901274622054e-02 9.749263448050161929e-02 1.456940769421223858e-01
5.600322357822683228e-02 8.960726166396312808e-02 8.033072000652499711e-02
5.600007300761176976e-02 8.999755891328888036e-02 7.808292962244585411e-02
5.118035481117294561e-02 9.259467642043132940e-02 8.828862361518689805e-02
5.186669778648653889e-02 9.688707609586114100e-02 1.190661290551744272e-01
4.471545401972611827e-02 1.265886308439498065e-01 3.550087279416783703e-01
4.299911229661547429e-02 1.257481856285388444e-01 3.753006413649939699e-01
3.002952020540160943e-02 1.215000026564873742e-01 3.839987225705727147e-01
6.549990556539937725e-02 1.220009721003685738e-01 2.619465461394034911e-01
8.939589128015898445e-02 8.246993171605490613e-02 9.757945014252498994e-02
7.248428887037179635e-02 1.372984404697084881e-01 1.814828761655595812e-01
5.445830235524913576e-02 1.071945467655092549e-01 3.668468296172925358e-01
8.929242081173435763e-02 1.124987638532146117e-01 2.391794041979987129e-01
7.252634224028525756e-02 1.144548525154519408e-01 1.818207504974280186e-01
7.054192847767062902e-02 1.142728487235377538e-01 1.577033703592217728e-01
6.765165472611804620e-02 1.185840489341229709e-01 2.436272354703933329e-01
7.257577187109226502e-02 1.097317236737078983e-01 1.999597697284645481e-01
6.752976703917157320e-02 1.181451740183420834e-01 2.451490182107505245e-01
6.699061501813118047e-02 9.040401254164379119e-02 9.051581638062891622e-02
5.640362214690800707e-02 9.062705002568467727e-02 8.415036120308660994e-02
6.296432466521344196e-02 8.813992140051429836e-02 5.699932657111225764e-02
6.585515372086447883e-02 7.846386043593417403e-02 4.819690468202676020e-02
7.348192911132377103e-02 9.714207649882369844e-02 1.477355970199191182e-01
7.763917284181405531e-02 1.155497189270382058e-01 2.284743362477507922e-01
7.591863125164080572e-02 9.599818199501555793e-02 1.195010488773176754e-01
5.725747661601952865e-02 7.396318984872134183e-02 1.714487302563953430e-01
6.001973101523973980e-02 9.497084872563539559e-02 1.135381316263072010e-01
7.945715760247630544e-02 1.029299235776255927e-01 8.184664315331097173e-02
6.216303601642014093e-02 7.367756087130106213e-02 4.776413256973565530e-02
9.464272535755803573e-02 8.148236327692365277e-02 1.017691898991098520e-01
6.279767286554881200e-02 8.759164617597546554e-02 5.479059842347562548e-02
3.135650606828669501e-02 1.304886670297377982e-01 3.939741226394145590e-01
8.033184513945407224e-02 1.294734378549881049e-01 2.915387827218324790e-01
5.800036389647670459e-02 1.245000963110053926e-01 3.265011362832971886e-01
4.143506512766078481e-02 1.224652784487243740e-01 3.369206955795648883e-01
4.011430512380487201e-02 1.280167624017372607e-01 3.442879708831281249e-01
6.171204496968900333e-02 1.375687191002437082e-01 3.326858021961779377e-01
4.550971471473681113e-02 1.080645359772293979e-01 3.624892430423652390e-01
7.135247223728891086e-02 7.865317778355304656e-02 4.712269624079577085e-02
6.434606731001593638e-02 9.003904836281413637e-02 7.032941026173600285e-02
6.848463408385346840e-02 9.326266870745213156e-02 1.095302723871451334e-01
6.911501160917024600e-02 7.738015351192947811e-02 4.804211765369933301e-02
4.562222140574172941e-02 1.083303211191315452e-01 3.666895194796986890e-01
6.391860583074437940e-02 1.234443002541540657e-01 2.734217197439220426e-01
3.429083722634126974e-02 1.224566547824689211e-01 2.784809531861322518e-01
6.229159514153753685e-02 1.234996407843102495e-01 2.819060978340001133e-01
6.366547460305806150e-02 1.404966565542999091e-01 3.214504627956893956e-01
3.496750909002302454e-02 1.260264188354824622e-01 2.868874947414170040e-01
4.783310578898827825e-02 1.436117313601386336e-01 2.395074643015371318e-01
5.845413545619403128e-02 9.750669709593878798e-02 1.385076901826003681e-01
9.560819348915351734e-02 1.093937421659874482e-01 2.485628808530440381e-01
7.313730658438949428e-02 9.512032043915828738e-02 1.199996701535804289e-01
6.844958132639136772e-02 9.291372092901985236e-02 1.083517579736774789e-01
6.434388781952697645e-02 9.004633319019329785e-02 6.883459220329889161e-02
7.301215587238460425e-02 9.838957340243659200e-02 7.461318513874767855e-02
4.336202794407492678e-02 1.248591572922837789e-01 3.688942009766075780e-01
3.484951829283923497e-02 1.291759603976303239e-01 3.427990861117766741e-01
6.029848678554117214e-02 7.199229713328933467e-02 4.794119595299706216e-02
6.650114910049083339e-02 9.099400699566426165e-02 9.294049539697343820e-02
6.813625800254458076e-02 9.006409958554742468e-02 1.735012766911405158e-01
7.363510034178172292e-02 1.164589052849229617e-01 2.264628627118736026e-01
6.747487695719361911e-02 1.186907871825191862e-01 2.457392718535508502e-01
5.818191457482916468e-02 1.289240862762919548e-01 2.384085767016311808e-01
6.212870646379730494e-02 1.249855474115059012e-01 3.045197543980216470e-01
6.850594242586097171e-02 1.114179773861628531e-01 2.941092529930235400e-01
4.850275895329673320e-02 1.221347155580600613e-01 3.580209786314574871e-01
4.667728464501762209e-02 1.269922357292904702e-01 3.665030229576456966e-01
4.210995879498585087e-02 1.342112693739699603e-01 3.875219200445360612e-01
4.862624168803070940e-02 1.245598489517799334e-01 3.578460624600700579e-01
6.969433224654791870e-02 1.210834154502327259e-01 1.611500163143692876e-01
4.545319751097955108e-02 1.013764600333782184e-01 1.519544927499260900e-01
7.240918088493704385e-02 1.065566689961935376e-01 1.896434784041295674e-01
6.584341104266706879e-02 7.694574897702047278e-02 4.809675773274283556e-02
4.226310585495519218e-02 1.313388456846849295e-01 3.838225392848849671e-01
6.833668349900573480e-02 9.344593140438239853e-02 1.102383087844830550e-01
7.313170112419097035e-02 9.747856286329470432e-02 1.463685692253008097e-01
5.745604440473237734e-02 6.994278524677936815e-02 4.828532022573947535e-02
4.447264174103993800e-02 1.259267257622716518e-01 3.691631475748509139e-01
3.924883260583789113e-02 1.343291443690870224e-01 3.884778497823579424e-01
4.451255928524305155e-02 1.259694798139187055e-01 3.689987979857040079e-01
2.653112895756511852e-02 1.123064505919026679e-01 3.657530998173302295e-01
8.028927795102129561e-02 1.294639766802258285e-01 2.914654334126898783e-01
7.142612891071353776e-02 1.130869822039562711e-01 3.181851648639661412e-01
4.851234968476538650e-02 1.219401944177205821e-01 3.580943692934461797e-01
7.730351100620111438e-02 1.155679284428181158e-01 2.283606314924178926e-01
6.082652037114311822e-02 1.237187019249609693e-01 2.968720676155579552e-01
5.770288489011104333e-02 1.235999136418917538e-01 2.820016524838643290e-01
5.435595252218024254e-02 1.082071410672930944e-01 3.662438030722968141e-01
4.226850577591355351e-02 1.313751471867301845e-01 3.838169907665411329e-01
4.087362044901698271e-02 1.346139777112468072e-01 3.881846199306521750e-01
6.310205026604351342e-02 1.410263337642513048e-01 3.351000775799728992e-01
5.500007268349450112e-02 1.249998714999125682e-01 3.369960428346063797e-01
3.999468313733196834e-02 1.244999190248331916e-01 3.800052011412249353e-01
