0.0695284 0.0930092 0.173899
0.0952056 0.109642 0.247772
0.0725715 0.133549 0.180851
0.0682373 0.115183 0.217456
0.0744978 0.114406 0.208901
0.0551021 0.117553 0.227262
0.0628234 0.116456 0.220085
0.0728237 0.103277 0.153559
0.0695042 0.125125 0.163729
0.0726566 0.126245 0.18044
0.0736463 0.100822 0.164784
0.0693495 0.127538 0.165421
0.0726039 0.108097 0.183903
0.0726179 0.131121 0.180625
0.06742 0.118693 0.240788
0.0726468 0.101256 0.175137
0.0549005 0.133369 0.238791
0.0668131 0.0879335 0.173382
0.0674998 0.0891126 0.173517
0.0795906 0.120411 0.211454
0.0708288 0.115143 0.218995
0.0852868 0.128839 0.216003
0.0683973 0.114034 0.245469
0.0853719 0.113853 0.234291
0.0791576 0.115383 0.229454
0.073582 0.113707 0.20918
0.069079 0.110165 0.246625
0.048608 0.142412 0.239522
0.0651027 0.121718 0.23811
0.0533551 0.135405 0.239021
0.0665463 0.121576 0.254386
0.0688658 0.111459 0.246306
0.0649777 0.115911 0.218888
0.0705102 0.147612 0.259605
0.0938381 0.110284 0.245672
0.0473836 0.144181 0.239636
0.0895362 0.136133 0.220182
0.0517336 0.117602 0.23115
0.0699981 0.114907 0.216831
0.0563748 0.1175 0.225846
0.0723875 0.138198 0.181481
0.0722768 0.106547 0.154525
0.0695289 0.0991006 0.250193
0.07259 0.116188 0.181394
0.0713642 0.0963671 0.136954
0.0517886 0.0992845 0.143873
0.0662859 0.0965539 0.134807
0.0668077 0.0935138 0.111361
0.0704869 0.09585 0.132161
0.0550718 0.0910188 0.0853729
0.0679414 0.09353 0.112527
0.0729241 0.111703 0.205498
0.0497737 0.0974605 0.120723
0.0901576 0.111963 0.240224
0.0682005 0.0898485 0.0909351
0.0562527 0.0900324 0.0788342
0.0815084 0.104309 0.0848871
0.063953 0.089632 0.0654142
0.0556472 0.0905447 0.0683109
0.0560247 0.0905841 0.065809
0.0597195 0.0892204 0.0586046
0.0715347 0.114354 0.214234
0.0818888 0.0838952 0.0934143
0.0859511 0.0994556 0.120037
0.0936183 0.0815786 0.101045
0.0756297 0.0863145 0.0913674
0.0943126 0.10223 0.122453
0.0845596 0.0989839 0.119832
0.0786286 0.0745541 0.165914
0.0636963 0.0941023 0.112162
0.0716229 0.0948461 0.122804
0.067604 0.0963755 0.134448
0.0664605 0.0920185 0.0705759
0.0779316 0.102208 0.0799707
0.0771371 0.101688 0.0789624
0.069451 0.0938193 0.11491
0.0535618 0.0963474 0.117795
0.0781324 0.0967277 0.119453
0.0708719 0.149616 0.260254
0.0822992 0.104731 0.0860292
0.102915 0.104512 0.126375
0.0760298 0.090005 0.151322
0.0524868 0.0991064 0.143156
0.0786148 0.0756408 0.164663
0.0735531 0.098587 0.150639
0.0536741 0.0913647 0.0869172
0.0757362 0.0817419 0.0499698
0.0558509 0.0900987 0.0769487
0.062343 0.0810564 0.172517
0.0831309 0.0984734 0.11964
0.0718605 0.0982836 0.174152
0.078587 0.0733833 0.167232
0.0532842 0.0988703 0.142363
0.0502505 0.0998048 0.145691
0.0958647 0.0812823 0.103108
0.0482972 0.117576 0.235263
0.0726119 0.122519 0.180576
0.0726354 0.0965909 0.141477
0.0698816 0.143988 0.258477
0.0686986 0.115533 0.313349
0.068973 0.138166 0.257078
0.0480483 0.120967 0.273515
0.0699794 0.106916 0.299396
0.0649491 0.123659 0.278298
0.0695997 0.125276 0.279583
0.0389527 0.122026 0.276829
0.0726223 0.110242 0.182851
0.0711564 0.103985 0.30306
0.0343507 0.126404 0.287197
0.0624283 0.123255 0.306891
0.0541788 0.124198 0.282554
0.0474168 0.145596 0.300854
0.0466099 0.146929 0.301195
0.0491133 0.124674 0.28352
0.0711636 0.115352 0.220506
0.0611677 0.124349 0.300646
0.0598103 0.118406 0.326945
0.0568388 0.125235 0.331159
0.0712264 0.151613 0.260915
0.0393565 0.133923 0.387831
0.0547769 0.125562 0.342004
0.058571 0.127791 0.329388
0.0635695 0.131836 0.307879
0.0635451 0.141293 0.322796
0.0585344 0.102069 0.337291
0.0473543 0.126695 0.345332
0.0970095 0.103 0.123585
0.0446393 0.121268 0.274761
0.0455208 0.112024 0.369776
0.0791804 0.10295 0.0815174
0.0505151 0.123745 0.335277
0.0528522 0.124374 0.33552
0.0494344 0.12481 0.353954
0.0316211 0.127568 0.356652
0.0734156 0.100709 0.156311
0.0687734 0.127422 0.360604
0.0675531 0.127381 0.358219
0.0363425 0.122341 0.277692
0.054717 0.107082 0.367075
0.046374 0.109313 0.362313
0.0474539 0.100736 0.149292
0.0584317 0.101289 0.337869
0.0697854 0.127427 0.362533
0.0453488 0.109325 0.367644
0.0613467 0.123657 0.291795
0.0506124 0.140264 0.299679
0.0435074 0.125412 0.373809
0.0373494 0.123642 0.381258
0.0353773 0.122909 0.382005
0.0460379 0.135383 0.381676
0.0456389 0.115129 0.371187
0.0316496 0.116714 0.367776
0.031193 0.121658 0.383465
0.0416875 0.123836 0.368808
0.0371443 0.121196 0.36859
0.0327805 0.122044 0.382989
0.0289018 0.11426 0.366888
0.0267262 0.112227 0.365994
0.0589054 0.104669 0.335479
0.0609861 0.122942 0.282955
0.0278735 0.113311 0.366495
0.071061 0.112999 0.156971
0.0506431 0.125598 0.350558
0.0488838 0.124478 0.355475
0.058665 0.102991 0.336649
0.0581818 0.126609 0.381786
0.054463 0.128098 0.375252
0.0561189 0.127503 0.378095
0.0570144 0.127101 0.379711
0.0440043 0.122543 0.336029
0.0553423 0.125812 0.343729
0.0627251 0.13968 0.334071
0.0660976 0.147128 0.338538
0.065398 0.145628 0.337743
0.064769 0.14421 0.336986
0.0693331 0.114927 0.314419
0.0785747 0.0770542 0.163081
0.0449626 0.1271 0.34494
0.0474231 0.126037 0.361917
0.0507986 0.126017 0.346856
0.0673711 0.0916976 0.0995237
0.0581492 0.124612 0.328017
0.0727218 0.111573 0.320142
0.0255319 0.120464 0.384672
0.0707325 0.125647 0.280496
0.0682473 0.0908363 0.25239
0.0595845 0.109407 0.332229
0.0599155 0.112346 0.330238
0.0635725 0.140807 0.321873
0.0635865 0.140173 0.320689
0.0386751 0.1227 0.338101
0.0664177 0.124161 0.278613
0.0625628 0.122007 0.285264
0.0306891 0.130682 0.394657
0.0589406 0.0761273 0.17174
0.045862 0.14816 0.301511
0.0506428 0.128189 0.370289
0.0597874 0.121771 0.27078
0.0646935 0.0903345 0.0731444
0.0476708 0.125809 0.360695
0.0755541 0.127377 0.285242
0.0694908 0.106222 0.247936
0.0695407 0.105161 0.248322
0.0695842 0.10263 0.249124
0.0818422 0.114819 0.231265
0.0384705 0.100418 0.0989288
0.0677036 0.113241 0.29163
0.0550276 0.132579 0.297963
0.061517 0.0878869 0.0563417
0.0412137 0.100427 0.128391
0.042612 0.0976494 0.0951063
0.0509201 0.125826 0.348629
0.0637208 0.122276 0.267171
0.0628665 0.122248 0.268778
0.0732084 0.101345 0.154224
0.0725565 0.105128 0.154158
0.0455885 0.113475 0.370573
0.0726829 0.106357 0.182294
0.0889101 0.100481 0.120695
0.0415559 0.122459 0.336882
0.0691806 0.139535 0.257342
0.0944738 0.109982 0.246635
0.0696566 0.123408 0.162626
0.0673231 0.0928498 0.0702994
0.0645646 0.0902264 0.0742649
0.0386974 0.100218 0.0987262
0.0589263 0.0709219 0.0506095
0.0671396 0.114577 0.290256
0.0642149 0.122286 0.266287
0.0564987 0.090585 0.0637946
0.0663086 0.12249 0.256966
0.100136 0.103817 0.124993
0.0652055 0.090085 0.0854003
0.0472599 0.126504 0.363656
0.0860385 0.0828529 0.0955415
0.0503062 0.117597 0.232827
0.0642008 0.0809142 0.0514997
0.0638963 0.0822238 0.0518555
0.0746566 0.127023 0.284254
0.0618704 0.124303 0.303493
0.0555779 0.0901938 0.0752573
0.0690845 0.118141 0.234403
0.0576687 0.0743428 0.171438
0.047076 0.126591 0.364785
0.0302119 0.127691 0.356956
0.0280979 0.127855 0.357457
0.0342236 0.122554 0.278338
0.0680953 0.0901369 0.173624
0.0485213 0.12739 0.368629
0.0334554 0.125773 0.341378
0.0434154 0.125057 0.284932
0.0764164 0.127724 0.286301
0.0385464 0.122124 0.368597
0.0613963 0.1265 0.347806
0.0709987 0.0962421 0.135531
0.0486847 0.112859 0.360851
0.0515383 0.113618 0.361336
0.0529428 0.111427 0.363031
0.0629262 0.128143 0.30605
0.0637531 0.136756 0.314366
0.0785233 0.0779535 0.162053
0.0508835 0.124456 0.283111
0.0593611 0.117185 0.222851
0.0830829 0.131289 0.295188
0.0444986 0.135195 0.383859
0.0354419 0.119907 0.368461
0.0704338 0.116858 0.158851
0.0600442 0.131735 0.329533
0.0582227 0.127684 0.296535
0.0841886 0.132009 0.296705
0.046034 0.117544 0.238146
0.0497822 0.139655 0.384033
0.0440316 0.125138 0.372547
0.0536677 0.134813 0.298533
0.0687484 0.110432 0.295002
0.0577469 0.0978691 0.138904
0.0554181 0.0983567 0.140533
0.0617271 0.0801315 0.172386
0.0444824 0.124792 0.370059
0.0783557 0.118848 0.210714
0.0877402 0.133001 0.218388
0.0716929 0.109828 0.155651
0.0727341 0.110872 0.203518
0.041795 0.0981566 0.0958373
0.071328 0.111726 0.156423
0.0495076 0.127898 0.369071
0.0906207 0.13797 0.221228
0.0901932 0.137256 0.220822
0.0340328 0.126779 0.342033
0.0720967 0.113994 0.212834
0.0637556 0.0900669 0.0773475
0.0698049 0.121814 0.161652
0.0723669 0.108131 0.19594
0.069424 0.141038 0.257705
0.0846163 0.105966 0.0896717
0.0661985 0.1181 0.309365
0.0623147 0.122359 0.271135
0.0785427 0.0720649 0.168702
0.0709694 0.117082 0.230118
0.0628305 0.090157 0.0817745
0.0690418 0.0949746 0.251301
0.067457 0.0919248 0.101174
0.0636169 0.0755986 0.0505561
0.0751562 0.109169 0.323952
0.0402648 0.12185 0.276366
0.0352506 0.126212 0.286951
0.0808695 0.122057 0.212262
0.0359344 0.126052 0.286764
0.0502768 0.114866 0.360227
0.0586939 0.123452 0.326131
0.0719588 0.0794624 0.0500191
0.0398209 0.122576 0.337601
0.0634467 0.123364 0.23817
0.0626093 0.0888561 0.060641
0.0649078 0.122385 0.264424
0.0600489 0.125432 0.296582
0.065176 0.118443 0.287147
0.0674943 0.0909912 0.0956368
0.0676079 0.0907019 0.0942817
0.0665844 0.148184 0.339052
0.0667363 0.125298 0.257605
0.0723116 0.139856 0.181759
0.074004 0.110302 0.32217
0.0742127 0.0954365 0.11969
0.0867727 0.113335 0.235876
0.0587747 0.126187 0.345524
0.0340264 0.124574 0.34048
0.0484835 0.138784 0.384576
0.0487392 0.138978 0.384587
0.0366299 0.133286 0.389915
0.0505545 0.119914 0.357352
0.0335606 0.131833 0.392228
0.0733928 0.101164 0.170056
0.0701011 0.119246 0.160141
0.0691629 0.1308 0.167851
0.0879173 0.112884 0.237211
0.0723582 0.106939 0.190695
0.0725946 0.120907 0.180729
0.0754389 0.115542 0.209491
0.0866097 0.131067 0.217292
0.0841064 0.126926 0.214881
0.066571 0.121027 0.25346
0.0713151 0.0950541 0.125728
0.0645092 0.0842264 0.172939
0.0843024 0.114191 0.23328
0.0705701 0.115972 0.158401
0.0615449 0.116744 0.221029
0.066799 0.115446 0.217966
0.0604481 0.11699 0.221888
0.0557539 0.132377 0.238667
0.0512631 0.138428 0.239259
0.0606262 0.126521 0.238221
0.0694018 0.126549 0.164699
0.0705938 0.0956195 0.130737
0.0726452 0.124474 0.180468
0.0692311 0.108993 0.247024
0.0695801 0.104082 0.248673
0.0693435 0.0973321 0.25065
0.0678839 0.0893968 0.252755
0.064207 0.116103 0.219275
0.0693921 0.107413 0.247558
0.0492141 0.142684 0.300177
0.0685384 0.118464 0.235632
0.0586089 0.117294 0.223569
0.0635081 0.0893379 0.0635094
0.0736186 0.100956 0.166249
0.0728391 0.102765 0.177096
0.0722233 0.11581 0.223722
0.082322 0.124085 0.213317
0.0919655 0.111133 0.242824
0.0576163 0.130002 0.238461
0.072622 0.111944 0.182342
0.06594 0.0864996 0.17322
0.0522367 0.136979 0.239153
0.0493883 0.141176 0.239461
0.0807465 0.115068 0.230488
0.0643538 0.122497 0.238114
0.0688558 0.137162 0.256916
0.0830104 0.114516 0.232231
0.0715268 0.110642 0.155972
0.0724422 0.136863 0.181281
0.0553783 0.0903987 0.0717951
0.0717988 0.0964758 0.138249
0.064889 0.0967453 0.135373
0.0437059 0.0995513 0.126033
0.0807649 0.0976411 0.119495
0.0710238 0.0953119 0.128556
0.0700368 0.0940202 0.116358
0.0758728 0.100732 0.0774019
0.0659458 0.0900346 0.0865268
0.0708785 0.0943317 0.117442
0.0673662 0.0913084 0.0971281
0.0624703 0.0943268 0.112644
0.0642438 0.0901022 0.0757358
0.0747705 0.0939115 0.149197
0.0554106 0.0904476 0.0709329
0.068678 0.124933 0.279149
0.070561 0.105442 0.301282
0.0708835 0.0954414 0.129561
0.0473215 0.098248 0.122803
0.067579 0.0923521 0.104371
0.0555008 0.0904962 0.0697472
0.0579793 0.0952559 0.114921
0.0818903 0.0980349 0.119546
0.0634635 0.0840269 0.0523235
0.0587652 0.0897725 0.0594594
0.0554006 0.0903462 0.0729598
0.0861128 0.130228 0.216794
0.0559356 0.0957248 0.116165
0.0724953 0.087792 0.0909259
0.070055 0.0889699 0.0908229
0.0800814 0.0844748 0.0926764
0.0771757 0.0856378 0.0916973
0.0784598 0.0851169 0.0920976
0.0880856 0.082447 0.096815
0.0843409 0.0832293 0.0946617
0.0471705 0.117565 0.236701
0.0828983 0.0835953 0.0939109
0.0935135 0.101982 0.122143
0.0713982 0.0949578 0.124605
0.0491407 0.100155 0.147044
0.0871025 0.082631 0.0961651
0.0770639 0.0866393 0.153549
0.0784846 0.0709561 0.169906
0.0782044 0.0813464 0.158336
0.0412889 0.100401 0.128311
0.0415771 0.100294 0.128043
0.0673622 0.0915235 0.0983964
0.0686925 0.0941997 0.0710436
0.0716845 0.0970904 0.0732432
0.074399 0.0995077 0.0758122
0.065879 0.122595 0.259777
0.0785863 0.102606 0.0807954
0.0736782 0.0872303 0.0910832
0.0631887 0.0890139 0.0621779
0.0792648 0.097122 0.119457
0.073403 0.0997747 0.152063
0.0777785 0.0839391 0.15583
0.065361 0.0855612 0.173105
0.0668341 0.119785 0.250813
0.0702606 0.118118 0.159511
0.0839774 0.10564 0.0886815
0.0501817 0.0932186 0.0891302
0.0482313 0.100464 0.148225
0.0463113 0.10114 0.150865
0.0401488 0.0992431 0.097336
0.0750847 0.100068 0.0765443
0.0675802 0.0925064 0.105451
0.0725924 0.119553 0.180866
0.0792185 0.129064 0.289936
0.0555218 0.121062 0.271335
0.0480884 0.0979842 0.122133
0.0495146 0.120894 0.273017
0.0505225 0.120895 0.272717
0.0702828 0.106092 0.300476
0.0681726 0.132215 0.256581
0.0643721 0.119831 0.286354
0.0614207 0.0945282 0.113111
0.0695657 0.108087 0.297928
0.0715193 0.103221 0.303982
0.0468757 0.110195 0.361871
0.0565505 0.121178 0.271123
0.039173 0.125594 0.285964
0.0451926 0.1249 0.284484
0.0692091 0.130006 0.167248
0.0679493 0.112581 0.292395
0.0692452 0.108999 0.296779
0.0603613 0.124994 0.295248
0.0703368 0.113963 0.316161
0.0290959 0.127777 0.357216
0.0511041 0.139387 0.299493
0.0454217 0.148872 0.301715
0.0575295 0.128706 0.296901
0.0483192 0.144113 0.300507
0.0469227 0.121041 0.273919
0.0473804 0.124811 0.28393
0.0591771 0.123794 0.31856
0.058995 0.12272 0.32508
0.0596467 0.119795 0.326349
0.0557995 0.125123 0.333361
0.0564071 0.12524 0.332206
0.0592216 0.106771 0.334025
0.0575978 0.126851 0.38076
0.0597786 0.111037 0.331128
0.0576294 0.126072 0.344859
0.0696749 0.127429 0.362312
0.0371671 0.127073 0.355655
0.0629751 0.126776 0.349745
0.0604072 0.126367 0.346858
0.0651143 0.119424 0.307869
0.0269201 0.127956 0.357753
0.0496055 0.121894 0.357357
0.034596 0.127289 0.356042
0.0457155 0.121129 0.274351
0.0431361 0.125387 0.375015
0.0600696 0.115851 0.328121
0.0607549 0.123665 0.309138
0.0631352 0.129332 0.306173
0.0594758 0.123852 0.315181
0.063677 0.138698 0.317933
0.0637534 0.134255 0.310585
0.0665159 0.148037 0.338988
0.040794 0.126769 0.35533
0.0542911 0.125828 0.344222
0.0374989 0.122949 0.338677
0.0694318 0.127432 0.361853
0.0928884 0.110707 0.244194
0.046022 0.12487 0.284272
0.0521919 0.112642 0.362102
0.0534758 0.110292 0.364096
0.0386034 0.126954 0.35551
0.0492896 0.139006 0.382855
0.0663446 0.127318 0.355823
0.035573 0.123719 0.339686
0.0456087 0.116934 0.371561
0.0614354 0.136127 0.331804
0.0449542 0.121675 0.371528
0.0498897 0.141552 0.299926
0.0581038 0.121424 0.270867
0.0647253 0.127119 0.352656
0.0305045 0.115705 0.367441
0.0386512 0.124271 0.380711
0.0638311 0.126947 0.351078
0.0671557 0.118867 0.248276
0.0478368 0.125512 0.359729
0.0264588 0.120641 0.384504
0.0448936 0.134002 0.381539
0.0619784 0.122908 0.288833
0.0554206 0.127768 0.376891
0.0531309 0.128388 0.373179
0.0920626 0.0817933 0.0997306
0.0490866 0.123387 0.335216
0.047717 0.123101 0.335297
0.0467309 0.122922 0.335438
0.0436332 0.127358 0.344699
0.0721507 0.112117 0.319218
0.076089 0.108253 0.325371
0.072395 0.108467 0.196994
0.0591291 0.126225 0.345812
0.0637176 0.137897 0.316441
0.0544436 0.133542 0.298221
0.0367852 0.125929 0.286543
0.028631 0.121123 0.384046
0.0607155 0.133963 0.330621
0.0673765 0.116826 0.311156
0.0444474 0.0992974 0.125323
0.0559163 0.131165 0.297572
0.0408186 0.0988053 0.0967206
0.0496433 0.126241 0.34606
0.0725871 0.117179 0.181232
0.0960239 0.10274 0.123176
0.0598492 0.123814 0.312792
0.0391792 0.128038 0.343839
0.0706973 0.0961482 0.07244
0.071906 0.108681 0.155226
0.0574453 0.0904577 0.0608543
0.0395187 0.0996557 0.0979352
0.0554494 0.0902915 0.0738061
0.0724161 0.108833 0.198119
0.0726004 0.110205 0.201892
0.0809119 0.10397 0.0839886
0.0396425 0.122824 0.36861
0.0654835 0.127248 0.354098
0.0590659 0.123558 0.32173
0.0736347 0.100542 0.161131
0.0604047 0.123762 0.310179
0.0686383 0.13571 0.256763
0.0336521 0.118442 0.36821
0.059117 0.123669 0.320077
0.0604694 0.0947367 0.113594
0.0426668 0.126545 0.355264
0.0637862 0.135826 0.312812
0.0405181 0.123294 0.368692
0.0723604 0.107795 0.194633
0.0675156 0.0921259 0.102691
0.0512861 0.0969969 0.119497
0.0660441 0.116861 0.288231
0.0639579 0.142492 0.335929
0.0562781 0.123867 0.282443
0.0914972 0.0818683 0.099299
0.0473627 0.137558 0.383607
0.0606166 0.0784832 0.172145
0.0734756 0.101125 0.168883
0.0763691 0.0889282 0.151933
0.0735573 0.100419 0.158389
0.0772051 0.117539 0.21025
0.0816154 0.123057 0.212776
0.0615988 0.125422 0.238155
0.068449 0.0917697 0.252131
0.066651 0.120473 0.252438
0.0492624 0.117591 0.23408
0.0564981 0.131393 0.238573
0.0454688 0.111259 0.369292
0.0723525 0.107289 0.19252
0.0684199 0.134167 0.256636
0.0687489 0.0933183 0.251729
0.0417363 0.121622 0.275833
0.0726561 0.127475 0.180459
0.072657 0.129514 0.180525
0.0735788 0.101039 0.167322
0.0632175 0.082284 0.172698
0.0725959 0.118505 0.181016
0.0760531 0.116221 0.209753
0.0686611 0.0927868 0.251865
0.0774431 0.128187 0.287584
0.0624428 0.124504 0.238137
0.0505356 0.139475 0.239346
0.0663834 0.120313 0.238215
0.0478988 0.143387 0.239592
0.0700275 0.145023 0.258791
0.0800687 0.11522 0.230032
0.037874 0.125749 0.286276
0.0710471 0.150518 0.260554
0.0639931 0.096854 0.135736
0.0688311 0.0936578 0.113818
0.0462445 0.0986338 0.123753
0.0870783 0.0998585 0.120273
0.0922116 0.101555 0.12165
0.046258 0.135697 0.381814
0.0721968 0.0965457 0.139573
0.078394 0.0699252 0.171018
0.0440579 0.096727 0.0938801
0.071169 0.0951854 0.127385
0.0637488 0.13722 0.315201
0.0424043 0.099999 0.127269
0.0712773 0.0968093 0.174201
0.0747456 0.0867265 0.0912147
0.0380021 0.122146 0.277146
0.0774716 0.0852365 0.154636
0.0783176 0.0805048 0.159239
0.0649917 0.093875 0.111995
0.0785162 0.0715458 0.16927
0.0680859 0.0935968 0.0708152
0.069565 0.0950489 0.0716178
0.102594 0.104427 0.126215
0.101273 0.10411 0.125545
0.0757828 0.090787 0.150864
0.0780592 0.0822804 0.157399
0.0543794 0.0961375 0.11721
0.0737896 0.126697 0.283308
0.0534445 0.120936 0.271849
0.0634152 0.130817 0.307018
0.0678859 0.116323 0.311972
0.0610512 0.134999 0.331163
0.0521619 0.137496 0.299114
0.0516369 0.138425 0.299312
0.078322 0.128622 0.288734
0.0525718 0.13682 0.298971
0.0698036 0.114469 0.315223
0.0637739 0.135131 0.3118
0.060386 0.132863 0.330038
0.0593826 0.107871 0.333268
0.0592452 0.123855 0.317346
0.0596094 0.123842 0.314187
0.0463487 0.126872 0.345201
0.0671406 0.127362 0.357417
0.0358737 0.12719 0.355843
0.047685 0.111505 0.361381
0.0331652 0.127409 0.356318
0.0258008 0.128038 0.358057
0.0713689 0.152523 0.261221
0.0452535 0.120443 0.371665
0.0514215 0.128327 0.371109
0.0456319 0.122755 0.33565
0.0681747 0.127403 0.359443
0.0323659 0.11734 0.367949
0.0329538 0.117849 0.36808
0.035006 0.119551 0.3684
0.0522557 0.128388 0.372088
0.0483252 0.126527 0.34556
0.0576012 0.117395 0.224577
0.0275815 0.120899 0.384272
0.0257291 0.120497 0.384638
0.0621176 0.126614 0.348585
0.0655227 0.12257 0.261647
0.0724105 0.0977587 0.0738772
0.0303331 0.130653 0.395112
0.0600813 0.123774 0.311429
0.0721167 0.107513 0.154835
0.0884385 0.134207 0.219081
0.0850606 0.106193 0.0903805
0.0910409 0.101195 0.121269
0.0668093 0.117453 0.310283
0.0568273 0.0955292 0.115598
0.0707434 0.0956183 0.174066
0.0736712 0.10067 0.162974
0.0671248 0.126757 0.257014
0.083485 0.125906 0.214316
0.0701414 0.0942861 0.173954
0.0695553 0.100542 0.249744
0.0670372 0.119114 0.249243
0.0726478 0.125617 0.180445
0.0849559 0.11399 0.233891
0.0527024 0.117604 0.230013
0.0725942 0.115376 0.181544
0.0470203 0.094977 0.0914603
0.0452457 0.0960063 0.0929112
0.0747446 0.109574 0.323327
0.056945 0.0905563 0.0621864
0.0766497 0.101313 0.0783275
0.0767499 0.0877373 0.152731
0.0720865 0.126107 0.281602
0.0730636 0.126439 0.28258
0.070242 0.146195 0.25916
0.06822 0.115992 0.312514
0.0598692 0.111903 0.330539
0.0593693 0.123853 0.316045
0.0423423 0.127594 0.344455
0.0636859 0.1332 0.309268
0.0412393 0.126717 0.355317
0.0538388 0.128279 0.374243
0.0731795 0.111135 0.320862
0.0755609 0.108756 0.324584
0.0565612 0.130195 0.297293
0.0636318 0.139482 0.319386
0.0695753 0.101371 0.249507
0.06672 0.115499 0.289357
0.0539694 0.134551 0.238934
0.0820152 0.130645 0.293724
0.05416 0.117584 0.22832
0.0435743 0.126408 0.355321
0.0735903 0.100483 0.159785
0.0562449 0.0905923 0.0647982
0.066381 0.116216 0.288713
0.0679854 0.131058 0.256618
0.0597114 0.0772012 0.171916
0.0627541 0.0970411 0.136284
0.0832691 0.105256 0.0875601
0.0454703 0.118781 0.371682
0.0983379 0.103354 0.124168
0.0520444 0.124434 0.282872
0.0562172 0.0722932 0.171076
0.0733742 0.112702 0.20706
0.072786 0.104441 0.179708
0.0732406 0.100863 0.152948
0.073047 0.101205 0.172395
0.0726057 0.113805 0.211569
0.071662 0.115459 0.22158
0.0911207 0.111507 0.241568
0.0672789 0.119326 0.238272
0.0891755 0.112385 0.238902
0.0728154 0.116237 0.226858
0.0725385 0.107132 0.185861
0.0607417 0.124685 0.298927
0.0727638 0.103274 0.178212
0.0679263 0.116103 0.245628
0.0353388 0.132646 0.390737
0.0753747 0.0920901 0.150303
0.0614372 0.0972418 0.136891
0.0486556 0.0940255 0.0902614
0.0700019 0.0961748 0.134358
0.056893 0.0689303 0.0507172
0.0612989 0.0883098 0.0573961
0.0450114 0.0990877 0.124839
0.0634899 0.123245 0.279885
0.0673624 0.12803 0.256794
0.0714627 0.0883045 0.090925
0.0579463 0.0904428 0.0829344
0.0648978 0.0900896 0.0848135
0.0629614 0.0750508 0.0505691
0.0746284 0.080952 0.049987
0.0624897 0.0862769 0.0541846
0.072742 0.105381 0.180918
0.0784327 0.079243 0.160646
0.0675264 0.124533 0.278685
0.06365 0.12083 0.285921
0.0635757 0.121845 0.306793
0.0601576 0.0903046 0.082697
0.0628085 0.127575 0.305988
0.0610054 0.124113 0.293114
0.0607936 0.124409 0.293878
0.0625219 0.126209 0.305817
0.0637655 0.123157 0.276011
0.059026 0.12885 0.329231
0.053238 0.125888 0.345073
0.0595816 0.130343 0.329214
0.0574765 0.125317 0.329868
0.0545316 0.125294 0.340035
0.037702 0.128053 0.343515
0.0359027 0.127565 0.34284
0.0415941 0.129797 0.382121
0.0459011 0.108964 0.364519
0.0445022 0.123682 0.37131
0.0411128 0.126058 0.379304
0.0334709 0.122257 0.382747
0.0623156 0.138595 0.333374
0.0481825 0.137992 0.382695
0.042346 0.125792 0.377496
0.0505424 0.117711 0.358693
0.0481592 0.125048 0.358808
0.068691 0.112451 0.245999
0.0599881 0.113745 0.32937
0.062256 0.122425 0.286772
0.0520803 0.125939 0.346059
0.0588744 0.126877 0.296466
0.0677665 0.129753 0.256674
0.0410834 0.127701 0.380854
0.0699494 0.117633 0.232386
0.0633231 0.0901094 0.0790402
0.0504923 0.119216 0.357872
0.0417578 0.125264 0.285362
0.0573349 0.090367 0.0821173
0.0697186 0.142988 0.258202
0.06409 0.0901175 0.0838429
0.0432108 0.121444 0.275292
0.0504808 0.116526 0.35936
0.0692987 0.128431 0.166086
0.0731992 0.0966059 0.144263
0.0566805 0.0901591 0.080087
0.056112 0.0900458 0.0780671
0.0520981 0.0922553 0.0878242
0.0521865 0.0967328 0.118807
0.0458292 0.125985 0.355535
0.042634 0.125654 0.376747
0.0300246 0.121406 0.38375
0.065307 0.122383 0.262654
0.0897027 0.0821627 0.0979
0.0724953 0.135869 0.181124
0.0546762 0.10722 0.366926
0.0887962 0.112545 0.238387
0.0726067 0.114031 0.181902
0.0707898 0.114575 0.157738
0.0675704 0.11819 0.242571
0.0724735 0.109405 0.199774
0.0675915 0.117736 0.244908
0.0669405 0.0899907 0.0885349
0.0560879 0.090771 0.084447
0.0617766 0.0885092 0.0584914
0.064615 0.079331 0.0510971
0.0739367 0.0967162 0.149395
0.0776353 0.115635 0.228536
0.076103 0.0960347 0.11954
0.0571053 0.0735102 0.171287
0.0594155 0.0949631 0.114131
0.0800368 0.103461 0.0827702
0.0617665 0.073801 0.0505621
0.0952697 0.0813616 0.10254
0.0618278 0.0874094 0.0555998
0.0317206 0.131012 0.393735
0.0806379 0.129838 0.29188
0.0583983 0.124153 0.327167
0.0423407 0.122461 0.336596
0.0409544 0.127842 0.344195
0.0617935 0.137136 0.332414
0.0461921 0.109135 0.363337
0.0709526 0.0788851 0.0501014
0.0651107 0.0907246 0.071153
0.0673284 0.0930184 0.108551
0.0685674 0.078129 0.0502817
0.045652 0.108918 0.365667
0.062767 0.12269 0.273485
0.0344888 0.122547 0.278265
0.062705 0.123097 0.280958
0.0635545 0.141123 0.322467
0.0346199 0.126349 0.287124
0.0474658 0.144037 0.239633
0.0598106 0.097502 0.137713
0.0950761 0.109705 0.247576
0.0723639 0.0949128 0.120072
0.0675249 0.0927935 0.107284
0.0644389 0.0900931 0.0676353
0.0733564 0.098606 0.0747578
0.0431381 0.124332 0.369148
0.0351849 0.127295 0.342542
0.0604351 0.0724597 0.0505788
0.0675524 0.090496 0.0930181
0.0689078 0.091709 0.173767
0.0747426 0.115937 0.227015
0.0673424 0.11832 0.247419
0.0592576 0.128078 0.238306
0.0623278 0.12484 0.305472
0.0682834 0.111746 0.293389
0.0491927 0.122799 0.357356
0.0467036 0.12633 0.366875
0.0419359 0.134407 0.385715
0.047976 0.124635 0.357063
0.0699111 0.1208 0.161038
0.0456184 0.101387 0.151881
0.0724425 0.106885 0.188542
0.0654219 0.0770592 0.0505342
0.0423999 0.131978 0.383089
0.067087 0.0932206 0.109631
0.0733444 0.0967479 0.145477
0.0577526 0.0697895 0.0506623
0.0454472 0.125422 0.368737
0.0377027 0.133576 0.389157
0.0461099 0.125871 0.368169
0.0270527 0.112544 0.36614
0.0803905 0.129706 0.291552
0.0712592 0.113044 0.317698
0.0499501 0.121091 0.35741
0.0758438 0.11586 0.22769
0.0604962 0.12494 0.297868
0.0578927 0.123589 0.282564
0.0542473 0.108477 0.365784
0.0428494 0.133103 0.383578
0.040879 0.134211 0.386582
0.0631813 0.140743 0.334754
0.0544192 0.124881 0.336021
0.0398551 0.125422 0.380281
